OrderId [number],Type [string],Chips [bool],Drink [bool],Value [€], Timestamp [s]
1001 , chicken , 0 , 1 , 8.500000 , 201.987894
1001 , veggy , 1 , 1 , 10.500000 , 201.987894
1001 , chicken , 1 , 1 , 11.500000 , 201.987894
1001 , meat , 0 , 1 , 9.500000 , 201.987894
1001 , chicken , 1 , 0 , 9.000000 , 201.987894
1002 , meat , 1 , 0 , 10.000000 , 322.376945
1002 , meat , 1 , 0 , 10.000000 , 322.376945
1003 , veggy , 1 , 0 , 8.000000 , 341.483009
1004 , veggy , 1 , 1 , 10.500000 , 1388.307324
1004 , veggy , 1 , 1 , 10.500000 , 1388.307324
1004 , meat , 1 , 1 , 12.500000 , 1388.307324
1004 , chicken , 0 , 1 , 8.500000 , 1388.307324
1004 , chicken , 0 , 1 , 8.500000 , 1388.307324
1005 , veggy , 0 , 1 , 7.500000 , 1602.301600
1005 , chicken , 1 , 1 , 11.500000 , 1602.301600
1005 , meat , 0 , 1 , 9.500000 , 1602.301600
1006 , chicken , 1 , 1 , 11.500000 , 1671.703466
1006 , meat , 1 , 1 , 12.500000 , 1671.703466
1006 , meat , 0 , 1 , 9.500000 , 1671.703466
1007 , meat , 0 , 1 , 9.500000 , 1974.343038
1007 , veggy , 1 , 1 , 10.500000 , 1974.343038
1007 , meat , 0 , 1 , 9.500000 , 1974.343038
1007 , chicken , 0 , 1 , 8.500000 , 1974.343038
1007 , chicken , 0 , 1 , 8.500000 , 1974.343038
1008 , veggy , 1 , 1 , 10.500000 , 2148.634032
1008 , chicken , 1 , 1 , 11.500000 , 2148.634032
1008 , chicken , 1 , 1 , 11.500000 , 2148.634032
1008 , chicken , 1 , 1 , 11.500000 , 2148.634032
1009 , veggy , 1 , 1 , 10.500000 , 2275.762775
1009 , veggy , 0 , 1 , 7.500000 , 2275.762775
1010 , chicken , 1 , 1 , 11.500000 , 2583.747478
1010 , chicken , 1 , 1 , 11.500000 , 2583.747478
1010 , chicken , 1 , 1 , 11.500000 , 2583.747478
1010 , meat , 1 , 1 , 12.500000 , 2583.747478
1011 , meat , 0 , 0 , 7.000000 , 2877.918271
1011 , chicken , 1 , 1 , 11.500000 , 2877.918271
1011 , veggy , 0 , 1 , 7.500000 , 2877.918271
1011 , chicken , 0 , 0 , 6.000000 , 2877.918271
1012 , meat , 1 , 1 , 12.500000 , 2925.455162
1013 , veggy , 1 , 1 , 10.500000 , 4573.864708
1013 , meat , 1 , 1 , 12.500000 , 4573.864708
1014 , veggy , 0 , 1 , 7.500000 , 4953.999171
1014 , veggy , 1 , 1 , 10.500000 , 4953.999171
1014 , chicken , 0 , 1 , 8.500000 , 4953.999171
1014 , chicken , 1 , 0 , 9.000000 , 4953.999171
1014 , chicken , 0 , 0 , 6.000000 , 4953.999171
1015 , veggy , 1 , 1 , 10.500000 , 5277.124350
1015 , meat , 1 , 1 , 12.500000 , 5277.124350
1015 , chicken , 0 , 0 , 6.000000 , 5277.124350
1015 , meat , 0 , 1 , 9.500000 , 5277.124350
1015 , veggy , 1 , 1 , 10.500000 , 5277.124350
1016 , veggy , 0 , 1 , 7.500000 , 5767.695695
1016 , chicken , 1 , 1 , 11.500000 , 5767.695695
1016 , meat , 1 , 1 , 12.500000 , 5767.695695
1017 , meat , 0 , 1 , 9.500000 , 6750.453695
1017 , veggy , 1 , 1 , 10.500000 , 6750.453695
1017 , veggy , 1 , 1 , 10.500000 , 6750.453695
1017 , chicken , 1 , 1 , 11.500000 , 6750.453695
1018 , veggy , 0 , 1 , 7.500000 , 7117.011228
1019 , veggy , 1 , 1 , 10.500000 , 7602.447996
1019 , meat , 1 , 1 , 12.500000 , 7602.447996
1019 , meat , 1 , 1 , 12.500000 , 7602.447996
1019 , chicken , 1 , 0 , 9.000000 , 7602.447996
1020 , chicken , 1 , 0 , 9.000000 , 8447.418897
1020 , meat , 1 , 0 , 10.000000 , 8447.418897
1021 , meat , 0 , 1 , 9.500000 , 9796.615618
1022 , veggy , 0 , 1 , 7.500000 , 12203.340464
1022 , chicken , 0 , 1 , 8.500000 , 12203.340464
1022 , veggy , 1 , 1 , 10.500000 , 12203.340464
1022 , veggy , 1 , 1 , 10.500000 , 12203.340464
1023 , meat , 1 , 0 , 10.000000 , 12453.869145
1023 , chicken , 1 , 1 , 11.500000 , 12453.869145
1024 , chicken , 1 , 1 , 11.500000 , 12506.552956
1024 , veggy , 0 , 1 , 7.500000 , 12506.552956
1025 , chicken , 1 , 1 , 11.500000 , 12805.012139
1025 , chicken , 1 , 1 , 11.500000 , 12805.012139
1025 , meat , 1 , 1 , 12.500000 , 12805.012139
1025 , veggy , 1 , 1 , 10.500000 , 12805.012139
1026 , meat , 1 , 1 , 12.500000 , 13062.641594
1027 , veggy , 1 , 1 , 10.500000 , 13344.161585
1027 , veggy , 1 , 1 , 10.500000 , 13344.161585
1027 , meat , 1 , 1 , 12.500000 , 13344.161585
1027 , meat , 1 , 1 , 12.500000 , 13344.161585
1027 , veggy , 1 , 1 , 10.500000 , 13344.161585
1028 , meat , 1 , 1 , 12.500000 , 14495.792964
1028 , chicken , 1 , 1 , 11.500000 , 14495.792964
1029 , chicken , 0 , 1 , 8.500000 , 14527.867591
1030 , chicken , 1 , 1 , 11.500000 , 14631.849850
1030 , veggy , 0 , 1 , 7.500000 , 14631.849850
1030 , chicken , 0 , 1 , 8.500000 , 14631.849850
1031 , veggy , 1 , 1 , 10.500000 , 15137.266454
1032 , meat , 1 , 0 , 10.000000 , 16148.757486
1032 , veggy , 0 , 1 , 7.500000 , 16148.757486
1032 , meat , 1 , 1 , 12.500000 , 16148.757486
1032 , meat , 1 , 1 , 12.500000 , 16148.757486
1033 , meat , 1 , 1 , 12.500000 , 16484.563789
1033 , veggy , 1 , 0 , 8.000000 , 16484.563789
1033 , veggy , 1 , 1 , 10.500000 , 16484.563789
1033 , meat , 1 , 1 , 12.500000 , 16484.563789
1033 , meat , 1 , 1 , 12.500000 , 16484.563789
1034 , veggy , 0 , 1 , 7.500000 , 16755.783056
1034 , meat , 1 , 1 , 12.500000 , 16755.783056
1034 , meat , 0 , 1 , 9.500000 , 16755.783056
1034 , chicken , 1 , 1 , 11.500000 , 16755.783056
1035 , veggy , 1 , 1 , 10.500000 , 17178.464493
1035 , veggy , 1 , 1 , 10.500000 , 17178.464493
1035 , chicken , 1 , 1 , 11.500000 , 17178.464493
1035 , chicken , 1 , 1 , 11.500000 , 17178.464493
1036 , chicken , 1 , 1 , 11.500000 , 17778.672791
1036 , chicken , 1 , 1 , 11.500000 , 17778.672791
1036 , veggy , 1 , 1 , 10.500000 , 17778.672791
1036 , meat , 1 , 1 , 12.500000 , 17778.672791
1037 , veggy , 1 , 1 , 10.500000 , 18130.098717
1037 , veggy , 1 , 1 , 10.500000 , 18130.098717
1037 , meat , 0 , 1 , 9.500000 , 18130.098717
1037 , veggy , 1 , 1 , 10.500000 , 18130.098717
1037 , chicken , 0 , 1 , 8.500000 , 18130.098717
1038 , meat , 1 , 1 , 12.500000 , 18945.272724
1038 , meat , 1 , 1 , 12.500000 , 18945.272724
1038 , veggy , 1 , 1 , 10.500000 , 18945.272724
1038 , veggy , 1 , 1 , 10.500000 , 18945.272724
1038 , chicken , 1 , 1 , 11.500000 , 18945.272724
1039 , meat , 1 , 1 , 12.500000 , 19072.306084
1039 , chicken , 1 , 1 , 11.500000 , 19072.306084
1039 , veggy , 1 , 1 , 10.500000 , 19072.306084
1039 , veggy , 0 , 1 , 7.500000 , 19072.306084
1040 , meat , 1 , 1 , 12.500000 , 19595.437162
1040 , veggy , 1 , 1 , 10.500000 , 19595.437162
1040 , veggy , 0 , 1 , 7.500000 , 19595.437162
1040 , chicken , 1 , 1 , 11.500000 , 19595.437162
1040 , chicken , 1 , 1 , 11.500000 , 19595.437162
1041 , meat , 0 , 1 , 9.500000 , 19689.940719
1041 , veggy , 0 , 1 , 7.500000 , 19689.940719
1041 , veggy , 1 , 1 , 10.500000 , 19689.940719
1042 , veggy , 1 , 1 , 10.500000 , 19961.015159
1043 , meat , 1 , 0 , 10.000000 , 20878.861218
1043 , chicken , 1 , 1 , 11.500000 , 20878.861218
1043 , meat , 0 , 1 , 9.500000 , 20878.861218
1044 , chicken , 1 , 1 , 11.500000 , 22688.795345
1044 , meat , 1 , 1 , 12.500000 , 22688.795345
1044 , meat , 1 , 1 , 12.500000 , 22688.795345
1045 , meat , 1 , 0 , 10.000000 , 23052.894365
1045 , meat , 1 , 1 , 12.500000 , 23052.894365
1045 , veggy , 1 , 1 , 10.500000 , 23052.894365
1046 , meat , 1 , 1 , 12.500000 , 23221.250402
1046 , chicken , 1 , 1 , 11.500000 , 23221.250402
1047 , veggy , 0 , 1 , 7.500000 , 23426.796686
1047 , meat , 1 , 1 , 12.500000 , 23426.796686
1048 , chicken , 1 , 0 , 9.000000 , 23467.004008
1049 , veggy , 1 , 1 , 10.500000 , 23653.692707
1049 , chicken , 0 , 1 , 8.500000 , 23653.692707
1049 , chicken , 1 , 1 , 11.500000 , 23653.692707
1050 , veggy , 1 , 1 , 10.500000 , 23839.728526
1050 , veggy , 1 , 1 , 10.500000 , 23839.728526
1050 , chicken , 0 , 0 , 6.000000 , 23839.728526
1050 , meat , 1 , 1 , 12.500000 , 23839.728526
1050 , meat , 1 , 1 , 12.500000 , 23839.728526
1052 , veggy , 1 , 1 , 10.500000 , 23940.753502
1051 , meat , 1 , 1 , 12.500000 , 24008.785552
1051 , veggy , 1 , 1 , 10.500000 , 24008.785552
1051 , veggy , 0 , 1 , 7.500000 , 24008.785552
1051 , meat , 1 , 0 , 10.000000 , 24008.785552
1051 , chicken , 1 , 1 , 11.500000 , 24008.785552
1053 , meat , 1 , 1 , 12.500000 , 24023.524509
1054 , chicken , 1 , 1 , 11.500000 , 24087.820442
1054 , meat , 1 , 1 , 12.500000 , 24087.820442
1055 , chicken , 1 , 1 , 11.500000 , 24621.774584
1055 , meat , 1 , 1 , 12.500000 , 24621.774584
1055 , veggy , 1 , 1 , 10.500000 , 24621.774584
1055 , chicken , 1 , 1 , 11.500000 , 24621.774584
1055 , meat , 1 , 1 , 12.500000 , 24621.774584
1056 , meat , 1 , 1 , 12.500000 , 25211.607887
1056 , veggy , 1 , 1 , 10.500000 , 25211.607887
1057 , chicken , 1 , 1 , 11.500000 , 25342.702929
1057 , meat , 1 , 1 , 12.500000 , 25342.702929
1057 , meat , 0 , 0 , 7.000000 , 25342.702929
1059 , meat , 0 , 1 , 9.500000 , 25611.121797
1058 , chicken , 1 , 1 , 11.500000 , 25637.134208
1058 , veggy , 0 , 1 , 7.500000 , 25637.134208
1058 , meat , 1 , 1 , 12.500000 , 25637.134208
1058 , meat , 0 , 1 , 9.500000 , 25637.134208
1060 , meat , 1 , 1 , 12.500000 , 25868.074335
1060 , veggy , 1 , 1 , 10.500000 , 25868.074335
1060 , chicken , 0 , 1 , 8.500000 , 25868.074335
1061 , veggy , 1 , 1 , 10.500000 , 25981.451841
1061 , meat , 0 , 1 , 9.500000 , 25981.451841
1061 , meat , 0 , 1 , 9.500000 , 25981.451841
1062 , veggy , 1 , 1 , 10.500000 , 26113.120438
1062 , meat , 1 , 1 , 12.500000 , 26113.120438
1062 , chicken , 1 , 1 , 11.500000 , 26113.120438
1063 , chicken , 1 , 1 , 11.500000 , 26452.818543
1063 , chicken , 1 , 0 , 9.000000 , 26452.818543
1063 , veggy , 0 , 1 , 7.500000 , 26452.818543
1064 , meat , 1 , 1 , 12.500000 , 27450.110439
1064 , chicken , 1 , 1 , 11.500000 , 27450.110439
1064 , chicken , 1 , 1 , 11.500000 , 27450.110439
1065 , chicken , 1 , 1 , 11.500000 , 27758.272658
1065 , veggy , 0 , 1 , 7.500000 , 27758.272658
1065 , meat , 1 , 1 , 12.500000 , 27758.272658
1065 , veggy , 0 , 1 , 7.500000 , 27758.272658
1066 , veggy , 0 , 1 , 7.500000 , 28800.907964
1066 , chicken , 1 , 1 , 11.500000 , 28800.907964
1067 , chicken , 1 , 1 , 11.500000 , 28934.259514
1067 , veggy , 0 , 1 , 7.500000 , 28934.259514
1067 , chicken , 0 , 1 , 8.500000 , 28934.259514
1067 , veggy , 1 , 1 , 10.500000 , 28934.259514
1068 , meat , 1 , 1 , 12.500000 , 28999.793237
1068 , veggy , 1 , 1 , 10.500000 , 28999.793237
1068 , meat , 1 , 1 , 12.500000 , 28999.793237
1068 , meat , 1 , 1 , 12.500000 , 28999.793237
1068 , veggy , 1 , 1 , 10.500000 , 28999.793237
1069 , veggy , 1 , 1 , 10.500000 , 29132.514756
1069 , meat , 1 , 1 , 12.500000 , 29132.514756
1069 , veggy , 0 , 1 , 7.500000 , 29132.514756
1070 , chicken , 1 , 1 , 11.500000 , 29649.585963
1071 , chicken , 1 , 0 , 9.000000 , 30004.771362
1071 , chicken , 1 , 1 , 11.500000 , 30004.771362
1071 , meat , 1 , 1 , 12.500000 , 30004.771362
1071 , meat , 1 , 1 , 12.500000 , 30004.771362
1072 , meat , 1 , 0 , 10.000000 , 30560.397274
1072 , chicken , 1 , 1 , 11.500000 , 30560.397274
1073 , meat , 1 , 1 , 12.500000 , 30753.462697
1073 , chicken , 1 , 1 , 11.500000 , 30753.462697
1073 , meat , 1 , 1 , 12.500000 , 30753.462697
1074 , chicken , 0 , 1 , 8.500000 , 30795.042159
1075 , chicken , 0 , 1 , 8.500000 , 31100.294934
1075 , chicken , 0 , 0 , 6.000000 , 31100.294934
1075 , meat , 1 , 1 , 12.500000 , 31100.294934
1076 , chicken , 1 , 1 , 11.500000 , 31351.961059
1077 , veggy , 1 , 1 , 10.500000 , 32119.897489
1078 , veggy , 1 , 1 , 10.500000 , 32379.598084
1078 , chicken , 1 , 1 , 11.500000 , 32379.598084
1078 , chicken , 1 , 1 , 11.500000 , 32379.598084
1078 , meat , 1 , 1 , 12.500000 , 32379.598084
1079 , veggy , 1 , 1 , 10.500000 , 32440.247785
1079 , meat , 1 , 0 , 10.000000 , 32440.247785
1080 , meat , 0 , 1 , 9.500000 , 33959.117882
1080 , meat , 1 , 1 , 12.500000 , 33959.117882
1080 , veggy , 0 , 1 , 7.500000 , 33959.117882
1080 , veggy , 0 , 1 , 7.500000 , 33959.117882
1081 , veggy , 0 , 1 , 7.500000 , 34022.051100
1082 , chicken , 0 , 1 , 8.500000 , 34182.766610
1082 , veggy , 0 , 1 , 7.500000 , 34182.766610
1082 , meat , 1 , 1 , 12.500000 , 34182.766610
1083 , veggy , 1 , 1 , 10.500000 , 34476.317037
1083 , chicken , 1 , 1 , 11.500000 , 34476.317037
1083 , meat , 1 , 1 , 12.500000 , 34476.317037
1083 , chicken , 1 , 1 , 11.500000 , 34476.317037
1083 , veggy , 1 , 1 , 10.500000 , 34476.317037
1084 , chicken , 0 , 1 , 8.500000 , 34855.183914
1084 , veggy , 0 , 1 , 7.500000 , 34855.183914
1084 , chicken , 1 , 1 , 11.500000 , 34855.183914
1084 , chicken , 1 , 1 , 11.500000 , 34855.183914
1084 , meat , 1 , 1 , 12.500000 , 34855.183914
1085 , chicken , 1 , 1 , 11.500000 , 35093.971289
1085 , meat , 1 , 1 , 12.500000 , 35093.971289
1085 , veggy , 1 , 1 , 10.500000 , 35093.971289
1085 , chicken , 0 , 1 , 8.500000 , 35093.971289
1086 , veggy , 1 , 1 , 10.500000 , 35183.720439
1087 , chicken , 1 , 1 , 11.500000 , 36220.962896
1088 , meat , 0 , 1 , 9.500000 , 36319.520854
1088 , chicken , 0 , 1 , 8.500000 , 36319.520854
1089 , meat , 1 , 1 , 12.500000 , 36389.486117
1089 , chicken , 1 , 1 , 11.500000 , 36389.486117
1089 , veggy , 1 , 1 , 10.500000 , 36389.486117
1089 , chicken , 0 , 1 , 8.500000 , 36389.486117
1090 , meat , 1 , 1 , 12.500000 , 36879.184652
1090 , chicken , 1 , 1 , 11.500000 , 36879.184652
1090 , veggy , 1 , 1 , 10.500000 , 36879.184652
1090 , veggy , 0 , 1 , 7.500000 , 36879.184652
1091 , meat , 1 , 1 , 12.500000 , 37023.444024
1091 , veggy , 1 , 1 , 10.500000 , 37023.444024
1091 , chicken , 1 , 1 , 11.500000 , 37023.444024
1092 , meat , 1 , 0 , 10.000000 , 37127.561499
1092 , meat , 1 , 1 , 12.500000 , 37127.561499
1092 , chicken , 1 , 1 , 11.500000 , 37127.561499
1092 , veggy , 1 , 1 , 10.500000 , 37127.561499
1092 , veggy , 1 , 1 , 10.500000 , 37127.561499
1093 , chicken , 1 , 1 , 11.500000 , 37344.334762
1093 , veggy , 1 , 1 , 10.500000 , 37344.334762
1093 , veggy , 1 , 1 , 10.500000 , 37344.334762
1094 , meat , 1 , 1 , 12.500000 , 37678.417109
1094 , veggy , 0 , 1 , 7.500000 , 37678.417109
1094 , veggy , 1 , 1 , 10.500000 , 37678.417109
1095 , meat , 0 , 1 , 9.500000 , 37709.449817
1096 , chicken , 1 , 1 , 11.500000 , 37780.254125
1096 , chicken , 1 , 1 , 11.500000 , 37780.254125
1097 , veggy , 1 , 1 , 10.500000 , 37869.763895
1097 , chicken , 1 , 0 , 9.000000 , 37869.763895
1097 , meat , 1 , 1 , 12.500000 , 37869.763895
1098 , veggy , 1 , 1 , 10.500000 , 38086.136662
1099 , veggy , 0 , 1 , 7.500000 , 38207.435166
1099 , chicken , 1 , 1 , 11.500000 , 38207.435166
1100 , veggy , 1 , 1 , 10.500000 , 38894.894671
1100 , chicken , 1 , 1 , 11.500000 , 38894.894671
1100 , meat , 1 , 1 , 12.500000 , 38894.894671
1100 , meat , 1 , 1 , 12.500000 , 38894.894671
1101 , veggy , 1 , 1 , 10.500000 , 38961.324750
1101 , veggy , 1 , 1 , 10.500000 , 38961.324750
1102 , chicken , 1 , 1 , 11.500000 , 39757.265865
1102 , chicken , 1 , 1 , 11.500000 , 39757.265865
1102 , meat , 1 , 1 , 12.500000 , 39757.265865
1103 , veggy , 1 , 1 , 10.500000 , 39911.591222
1103 , chicken , 1 , 1 , 11.500000 , 39911.591222
1104 , veggy , 0 , 1 , 7.500000 , 39962.663409
1104 , meat , 1 , 1 , 12.500000 , 39962.663409
1104 , veggy , 1 , 1 , 10.500000 , 39962.663409
1104 , chicken , 1 , 1 , 11.500000 , 39962.663409
1105 , chicken , 0 , 0 , 6.000000 , 39985.140614
1106 , veggy , 0 , 1 , 7.500000 , 40315.463421
1106 , meat , 0 , 1 , 9.500000 , 40315.463421
1106 , veggy , 1 , 1 , 10.500000 , 40315.463421
1106 , meat , 0 , 0 , 7.000000 , 40315.463421
1107 , chicken , 1 , 1 , 11.500000 , 40393.418208
1107 , veggy , 1 , 1 , 10.500000 , 40393.418208
1107 , chicken , 1 , 1 , 11.500000 , 40393.418208
1108 , veggy , 1 , 1 , 10.500000 , 40477.348454
1108 , chicken , 1 , 1 , 11.500000 , 40477.348454
1108 , meat , 1 , 1 , 12.500000 , 40477.348454
1108 , veggy , 1 , 0 , 8.000000 , 40477.348454
1108 , chicken , 1 , 1 , 11.500000 , 40477.348454
1109 , meat , 0 , 1 , 9.500000 , 40532.083806
1109 , meat , 1 , 1 , 12.500000 , 40532.083806
1110 , veggy , 1 , 1 , 10.500000 , 40569.784211
1110 , meat , 1 , 1 , 12.500000 , 40569.784211
1110 , veggy , 1 , 1 , 10.500000 , 40569.784211
1110 , veggy , 1 , 1 , 10.500000 , 40569.784211
1111 , meat , 1 , 0 , 10.000000 , 40630.644311
1111 , meat , 1 , 1 , 12.500000 , 40630.644311
1112 , chicken , 1 , 1 , 11.500000 , 40706.023336
1112 , meat , 0 , 0 , 7.000000 , 40706.023336
1112 , veggy , 1 , 1 , 10.500000 , 40706.023336
1113 , meat , 1 , 1 , 12.500000 , 40791.971403
1113 , meat , 1 , 1 , 12.500000 , 40791.971403
1113 , chicken , 1 , 1 , 11.500000 , 40791.971403
1113 , chicken , 0 , 1 , 8.500000 , 40791.971403
1113 , veggy , 0 , 1 , 7.500000 , 40791.971403
1114 , veggy , 1 , 1 , 10.500000 , 40946.429242
1115 , veggy , 1 , 0 , 8.000000 , 41049.206523
1115 , meat , 1 , 1 , 12.500000 , 41049.206523
1115 , chicken , 1 , 1 , 11.500000 , 41049.206523
1115 , meat , 0 , 0 , 7.000000 , 41049.206523
1116 , meat , 1 , 0 , 10.000000 , 41435.387985
1116 , veggy , 0 , 1 , 7.500000 , 41435.387985
1116 , veggy , 1 , 1 , 10.500000 , 41435.387985
1117 , veggy , 1 , 0 , 8.000000 , 41681.870231
1117 , veggy , 1 , 1 , 10.500000 , 41681.870231
1117 , chicken , 0 , 1 , 8.500000 , 41681.870231
1118 , meat , 1 , 1 , 12.500000 , 41728.519222
1120 , chicken , 1 , 1 , 11.500000 , 41834.454781
1121 , meat , 1 , 1 , 12.500000 , 41862.592399
1119 , meat , 1 , 1 , 12.500000 , 41870.907273
1119 , chicken , 1 , 1 , 11.500000 , 41870.907273
1119 , chicken , 0 , 1 , 8.500000 , 41870.907273
1122 , meat , 1 , 1 , 12.500000 , 41974.569034
1123 , veggy , 1 , 1 , 10.500000 , 42233.426290
1123 , chicken , 1 , 1 , 11.500000 , 42233.426290
1123 , chicken , 1 , 1 , 11.500000 , 42233.426290
1123 , chicken , 0 , 1 , 8.500000 , 42233.426290
1124 , veggy , 1 , 1 , 10.500000 , 42391.148834
1124 , chicken , 1 , 1 , 11.500000 , 42391.148834
1124 , veggy , 1 , 1 , 10.500000 , 42391.148834
1125 , meat , 1 , 1 , 12.500000 , 42451.319818
1125 , chicken , 0 , 1 , 8.500000 , 42451.319818
1126 , meat , 1 , 1 , 12.500000 , 42601.241849
1126 , veggy , 0 , 1 , 7.500000 , 42601.241849
1128 , veggy , 1 , 1 , 10.500000 , 43013.188135
1127 , veggy , 0 , 1 , 7.500000 , 43041.850758
1127 , chicken , 1 , 1 , 11.500000 , 43041.850758
1127 , chicken , 0 , 0 , 6.000000 , 43041.850758
1129 , chicken , 0 , 1 , 8.500000 , 43393.803230
1130 , chicken , 1 , 1 , 11.500000 , 43712.697681
1130 , chicken , 1 , 1 , 11.500000 , 43712.697681
1130 , meat , 1 , 1 , 12.500000 , 43712.697681
1130 , meat , 1 , 0 , 10.000000 , 43712.697681
1131 , meat , 1 , 1 , 12.500000 , 43757.613762
1132 , veggy , 1 , 1 , 10.500000 , 43877.374957
1133 , chicken , 1 , 1 , 11.500000 , 43987.285498
1134 , chicken , 1 , 1 , 11.500000 , 44216.951916
1134 , chicken , 1 , 1 , 11.500000 , 44216.951916
1134 , chicken , 1 , 1 , 11.500000 , 44216.951916
1134 , veggy , 1 , 1 , 10.500000 , 44216.951916
1134 , veggy , 1 , 1 , 10.500000 , 44216.951916
1135 , meat , 1 , 0 , 10.000000 , 44324.841603
1135 , chicken , 0 , 1 , 8.500000 , 44324.841603
1135 , veggy , 0 , 0 , 5.000000 , 44324.841603
1135 , meat , 1 , 1 , 12.500000 , 44324.841603
1136 , chicken , 0 , 1 , 8.500000 , 44506.708894
1136 , chicken , 1 , 1 , 11.500000 , 44506.708894
1136 , chicken , 1 , 1 , 11.500000 , 44506.708894
1136 , chicken , 1 , 1 , 11.500000 , 44506.708894
1137 , chicken , 1 , 0 , 9.000000 , 44545.675804
1138 , meat , 0 , 1 , 9.500000 , 44638.313261
1138 , chicken , 1 , 0 , 9.000000 , 44638.313261
1139 , chicken , 1 , 1 , 11.500000 , 44683.173252
1140 , veggy , 1 , 1 , 10.500000 , 44745.699774
1140 , veggy , 1 , 1 , 10.500000 , 44745.699774
1140 , meat , 1 , 1 , 12.500000 , 44745.699774
1140 , meat , 1 , 1 , 12.500000 , 44745.699774
1141 , chicken , 1 , 0 , 9.000000 , 44810.471911
1142 , veggy , 1 , 1 , 10.500000 , 44948.816452
1142 , meat , 0 , 1 , 9.500000 , 44948.816452
1142 , meat , 1 , 1 , 12.500000 , 44948.816452
1142 , meat , 1 , 1 , 12.500000 , 44948.816452
1142 , chicken , 1 , 1 , 11.500000 , 44948.816452
1144 , chicken , 1 , 1 , 11.500000 , 44993.818099
1143 , chicken , 1 , 1 , 11.500000 , 45019.297589
1143 , veggy , 0 , 1 , 7.500000 , 45019.297589
1145 , chicken , 1 , 1 , 11.500000 , 45251.028484
1145 , chicken , 1 , 1 , 11.500000 , 45251.028484
1145 , meat , 1 , 1 , 12.500000 , 45251.028484
1145 , chicken , 1 , 1 , 11.500000 , 45251.028484
1146 , chicken , 1 , 1 , 11.500000 , 45278.303516
1146 , meat , 1 , 1 , 12.500000 , 45278.303516
1146 , chicken , 1 , 1 , 11.500000 , 45278.303516
1147 , meat , 1 , 1 , 12.500000 , 45527.183276
1147 , meat , 1 , 1 , 12.500000 , 45527.183276
1148 , chicken , 1 , 1 , 11.500000 , 45784.157639
1148 , chicken , 1 , 1 , 11.500000 , 45784.157639
1148 , veggy , 1 , 1 , 10.500000 , 45784.157639
1149 , chicken , 1 , 1 , 11.500000 , 46059.932814
1149 , veggy , 1 , 1 , 10.500000 , 46059.932814
1149 , chicken , 1 , 1 , 11.500000 , 46059.932814
1149 , veggy , 1 , 1 , 10.500000 , 46059.932814
1150 , meat , 1 , 1 , 12.500000 , 46160.510604
1150 , meat , 0 , 1 , 9.500000 , 46160.510604
1150 , meat , 1 , 1 , 12.500000 , 46160.510604
1151 , chicken , 1 , 1 , 11.500000 , 46161.917120
1151 , veggy , 1 , 1 , 10.500000 , 46161.917120
1151 , meat , 1 , 1 , 12.500000 , 46161.917120
1151 , meat , 1 , 1 , 12.500000 , 46161.917120
1152 , chicken , 1 , 1 , 11.500000 , 46191.977231
1153 , veggy , 0 , 1 , 7.500000 , 46212.391456
1153 , meat , 0 , 1 , 9.500000 , 46212.391456
1154 , veggy , 0 , 1 , 7.500000 , 46299.762362
1154 , meat , 0 , 1 , 9.500000 , 46299.762362
1154 , veggy , 1 , 1 , 10.500000 , 46299.762362
1155 , chicken , 1 , 1 , 11.500000 , 46355.581381
1155 , veggy , 0 , 1 , 7.500000 , 46355.581381
1155 , veggy , 0 , 1 , 7.500000 , 46355.581381
1156 , chicken , 1 , 1 , 11.500000 , 46602.316466
1156 , veggy , 1 , 1 , 10.500000 , 46602.316466
1156 , chicken , 1 , 1 , 11.500000 , 46602.316466
1157 , meat , 1 , 1 , 12.500000 , 46658.326881
1157 , chicken , 1 , 1 , 11.500000 , 46658.326881
1158 , veggy , 1 , 1 , 10.500000 , 46812.002658
1158 , meat , 1 , 0 , 10.000000 , 46812.002658
1158 , chicken , 0 , 1 , 8.500000 , 46812.002658
1158 , veggy , 1 , 1 , 10.500000 , 46812.002658
1158 , chicken , 1 , 1 , 11.500000 , 46812.002658
1159 , meat , 1 , 1 , 12.500000 , 46899.710035
1159 , chicken , 1 , 1 , 11.500000 , 46899.710035
1159 , chicken , 1 , 0 , 9.000000 , 46899.710035
1160 , veggy , 0 , 1 , 7.500000 , 46994.051786
1160 , meat , 1 , 1 , 12.500000 , 46994.051786
1161 , chicken , 1 , 1 , 11.500000 , 47084.431122
1161 , meat , 0 , 1 , 9.500000 , 47084.431122
1161 , veggy , 0 , 0 , 5.000000 , 47084.431122
1162 , meat , 0 , 1 , 9.500000 , 47122.554433
1166 , meat , 1 , 1 , 12.500000 , 47165.319881
1163 , chicken , 1 , 0 , 9.000000 , 47178.452310
1163 , chicken , 1 , 1 , 11.500000 , 47178.452310
1164 , meat , 0 , 1 , 9.500000 , 47268.906889
1164 , veggy , 1 , 1 , 10.500000 , 47268.906889
1164 , veggy , 1 , 1 , 10.500000 , 47268.906889
1164 , meat , 0 , 1 , 9.500000 , 47268.906889
1165 , chicken , 1 , 1 , 11.500000 , 47373.305166
1165 , chicken , 1 , 1 , 11.500000 , 47373.305166
1165 , chicken , 1 , 1 , 11.500000 , 47373.305166
1165 , veggy , 0 , 1 , 7.500000 , 47373.305166
1165 , veggy , 1 , 0 , 8.000000 , 47373.305166
1167 , veggy , 1 , 1 , 10.500000 , 47417.237289
1168 , veggy , 1 , 1 , 10.500000 , 47442.376092
1168 , meat , 0 , 1 , 9.500000 , 47442.376092
1169 , meat , 0 , 1 , 9.500000 , 47564.363288
1169 , meat , 1 , 1 , 12.500000 , 47564.363288
1169 , meat , 1 , 0 , 10.000000 , 47564.363288
1169 , veggy , 0 , 1 , 7.500000 , 47564.363288
1169 , veggy , 1 , 1 , 10.500000 , 47564.363288
1171 , chicken , 1 , 1 , 11.500000 , 47766.499726
1170 , chicken , 0 , 0 , 6.000000 , 47808.230380
1170 , chicken , 0 , 1 , 8.500000 , 47808.230380
1170 , veggy , 1 , 0 , 8.000000 , 47808.230380
1170 , chicken , 0 , 1 , 8.500000 , 47808.230380
1170 , chicken , 1 , 0 , 9.000000 , 47808.230380
1173 , veggy , 1 , 1 , 10.500000 , 47852.185559
1173 , meat , 1 , 1 , 12.500000 , 47852.185559
1173 , veggy , 1 , 1 , 10.500000 , 47852.185559
1173 , meat , 1 , 1 , 12.500000 , 47852.185559
1172 , meat , 1 , 1 , 12.500000 , 47889.498128
1172 , chicken , 1 , 1 , 11.500000 , 47889.498128
1174 , meat , 1 , 1 , 12.500000 , 47903.669694
1175 , meat , 0 , 1 , 9.500000 , 48262.459268
1175 , veggy , 1 , 1 , 10.500000 , 48262.459268
1175 , meat , 0 , 1 , 9.500000 , 48262.459268
1175 , veggy , 1 , 1 , 10.500000 , 48262.459268
1175 , veggy , 1 , 1 , 10.500000 , 48262.459268
1176 , meat , 1 , 1 , 12.500000 , 48265.245258
1176 , veggy , 1 , 0 , 8.000000 , 48265.245258
1176 , veggy , 1 , 1 , 10.500000 , 48265.245258
1176 , veggy , 1 , 1 , 10.500000 , 48265.245258
1176 , meat , 1 , 1 , 12.500000 , 48265.245258
1177 , veggy , 1 , 1 , 10.500000 , 48304.764160
1178 , chicken , 1 , 1 , 11.500000 , 48328.830149
1179 , meat , 1 , 0 , 10.000000 , 48408.593132
1179 , meat , 1 , 1 , 12.500000 , 48408.593132
1179 , veggy , 1 , 1 , 10.500000 , 48408.593132
1179 , chicken , 0 , 1 , 8.500000 , 48408.593132
1180 , chicken , 0 , 1 , 8.500000 , 48476.908150
1181 , meat , 1 , 1 , 12.500000 , 48555.536062
1181 , veggy , 1 , 1 , 10.500000 , 48555.536062
1181 , veggy , 1 , 1 , 10.500000 , 48555.536062
1182 , veggy , 1 , 1 , 10.500000 , 48634.179665
1182 , veggy , 1 , 1 , 10.500000 , 48634.179665
1182 , meat , 1 , 1 , 12.500000 , 48634.179665
1183 , chicken , 1 , 1 , 11.500000 , 48726.371143
1183 , meat , 0 , 1 , 9.500000 , 48726.371143
1183 , meat , 0 , 1 , 9.500000 , 48726.371143
1183 , veggy , 1 , 1 , 10.500000 , 48726.371143
1183 , chicken , 1 , 1 , 11.500000 , 48726.371143
1184 , veggy , 1 , 0 , 8.000000 , 48821.032762
1184 , veggy , 1 , 1 , 10.500000 , 48821.032762
1185 , veggy , 1 , 1 , 10.500000 , 48826.077994
1185 , chicken , 1 , 1 , 11.500000 , 48826.077994
1185 , meat , 1 , 1 , 12.500000 , 48826.077994
1185 , chicken , 1 , 1 , 11.500000 , 48826.077994
1186 , veggy , 0 , 1 , 7.500000 , 48909.114441
1186 , chicken , 1 , 1 , 11.500000 , 48909.114441
1186 , veggy , 1 , 1 , 10.500000 , 48909.114441
1187 , chicken , 0 , 1 , 8.500000 , 49060.988317
1187 , meat , 1 , 1 , 12.500000 , 49060.988317
1187 , chicken , 1 , 1 , 11.500000 , 49060.988317
1187 , chicken , 1 , 1 , 11.500000 , 49060.988317
1189 , veggy , 0 , 1 , 7.500000 , 49139.223150
1189 , meat , 0 , 1 , 9.500000 , 49139.223150
1188 , meat , 1 , 1 , 12.500000 , 49214.030037
1188 , meat , 1 , 0 , 10.000000 , 49214.030037
1188 , meat , 0 , 1 , 9.500000 , 49214.030037
1188 , veggy , 1 , 1 , 10.500000 , 49214.030037
1188 , veggy , 1 , 1 , 10.500000 , 49214.030037
1190 , chicken , 1 , 1 , 11.500000 , 49409.681541
1190 , veggy , 1 , 1 , 10.500000 , 49409.681541
1190 , veggy , 0 , 1 , 7.500000 , 49409.681541
1191 , chicken , 1 , 1 , 11.500000 , 49615.450975
1191 , chicken , 1 , 1 , 11.500000 , 49615.450975
1191 , veggy , 1 , 1 , 10.500000 , 49615.450975
1193 , chicken , 1 , 1 , 11.500000 , 49660.848435
1193 , meat , 1 , 1 , 12.500000 , 49660.848435
1193 , chicken , 1 , 1 , 11.500000 , 49660.848435
1192 , meat , 1 , 1 , 12.500000 , 49686.012441
1192 , chicken , 1 , 0 , 9.000000 , 49686.012441
1192 , meat , 0 , 1 , 9.500000 , 49686.012441
1192 , chicken , 1 , 1 , 11.500000 , 49686.012441
1194 , meat , 0 , 1 , 9.500000 , 49933.768012
1194 , veggy , 0 , 1 , 7.500000 , 49933.768012
1194 , chicken , 1 , 1 , 11.500000 , 49933.768012
1194 , chicken , 1 , 1 , 11.500000 , 49933.768012
1194 , chicken , 1 , 1 , 11.500000 , 49933.768012
1195 , chicken , 1 , 1 , 11.500000 , 49934.644246
1196 , meat , 0 , 1 , 9.500000 , 50025.194105
1196 , chicken , 1 , 1 , 11.500000 , 50025.194105
1196 , veggy , 1 , 1 , 10.500000 , 50025.194105
1196 , meat , 1 , 1 , 12.500000 , 50025.194105
1197 , meat , 1 , 1 , 12.500000 , 50031.062649
1197 , meat , 0 , 1 , 9.500000 , 50031.062649
1197 , veggy , 1 , 1 , 10.500000 , 50031.062649
1197 , chicken , 1 , 1 , 11.500000 , 50031.062649
1197 , veggy , 0 , 1 , 7.500000 , 50031.062649
1199 , meat , 0 , 1 , 9.500000 , 50102.019805
1198 , chicken , 0 , 1 , 8.500000 , 50137.583864
1198 , meat , 0 , 1 , 9.500000 , 50137.583864
1198 , chicken , 1 , 1 , 11.500000 , 50137.583864
1198 , meat , 1 , 1 , 12.500000 , 50137.583864
1200 , veggy , 0 , 0 , 5.000000 , 50228.303297
1200 , meat , 1 , 1 , 12.500000 , 50228.303297
1200 , meat , 1 , 1 , 12.500000 , 50228.303297
1200 , chicken , 1 , 1 , 11.500000 , 50228.303297
1201 , chicken , 1 , 0 , 9.000000 , 50266.334586
1201 , meat , 1 , 0 , 10.000000 , 50266.334586
1201 , chicken , 1 , 1 , 11.500000 , 50266.334586
1201 , meat , 1 , 1 , 12.500000 , 50266.334586
1201 , chicken , 0 , 1 , 8.500000 , 50266.334586
1203 , meat , 1 , 1 , 12.500000 , 50296.064629
1202 , meat , 1 , 1 , 12.500000 , 50337.448980
1202 , meat , 1 , 1 , 12.500000 , 50337.448980
1202 , veggy , 1 , 1 , 10.500000 , 50337.448980
1202 , veggy , 1 , 1 , 10.500000 , 50337.448980
1202 , chicken , 1 , 1 , 11.500000 , 50337.448980
1204 , veggy , 0 , 1 , 7.500000 , 50436.854878
1204 , meat , 1 , 1 , 12.500000 , 50436.854878
1204 , chicken , 1 , 1 , 11.500000 , 50436.854878
1204 , chicken , 1 , 1 , 11.500000 , 50436.854878
1205 , chicken , 1 , 1 , 11.500000 , 50472.185405
1206 , chicken , 0 , 1 , 8.500000 , 50478.313716
1206 , veggy , 1 , 1 , 10.500000 , 50478.313716
1206 , meat , 1 , 1 , 12.500000 , 50478.313716
1207 , meat , 1 , 0 , 10.000000 , 50604.050562
1207 , chicken , 1 , 1 , 11.500000 , 50604.050562
1207 , meat , 1 , 0 , 10.000000 , 50604.050562
1208 , veggy , 1 , 1 , 10.500000 , 50629.842659
1209 , veggy , 1 , 1 , 10.500000 , 50829.135836
1209 , veggy , 1 , 0 , 8.000000 , 50829.135836
1209 , veggy , 1 , 1 , 10.500000 , 50829.135836
1209 , veggy , 1 , 1 , 10.500000 , 50829.135836
1210 , chicken , 0 , 1 , 8.500000 , 50948.811211
1210 , veggy , 1 , 1 , 10.500000 , 50948.811211
1210 , veggy , 1 , 1 , 10.500000 , 50948.811211
1210 , veggy , 1 , 1 , 10.500000 , 50948.811211
1210 , chicken , 1 , 1 , 11.500000 , 50948.811211
1211 , veggy , 1 , 1 , 10.500000 , 51067.295009
1211 , veggy , 1 , 1 , 10.500000 , 51067.295009
1211 , veggy , 1 , 0 , 8.000000 , 51067.295009
1212 , veggy , 1 , 1 , 10.500000 , 51297.667201
1213 , veggy , 1 , 1 , 10.500000 , 51370.921518
1213 , chicken , 0 , 1 , 8.500000 , 51370.921518
1214 , meat , 1 , 1 , 12.500000 , 51501.584865
1215 , veggy , 1 , 1 , 10.500000 , 51709.968130
1215 , chicken , 1 , 0 , 9.000000 , 51709.968130
1215 , veggy , 1 , 1 , 10.500000 , 51709.968130
1218 , meat , 1 , 1 , 12.500000 , 52060.656256
1216 , veggy , 0 , 1 , 7.500000 , 52178.810588
1216 , meat , 0 , 1 , 9.500000 , 52178.810588
1216 , veggy , 0 , 1 , 7.500000 , 52178.810588
1216 , chicken , 1 , 1 , 11.500000 , 52178.810588
1216 , meat , 1 , 1 , 12.500000 , 52178.810588
1219 , chicken , 0 , 1 , 8.500000 , 52188.146404
1219 , meat , 1 , 1 , 12.500000 , 52188.146404
1219 , veggy , 0 , 1 , 7.500000 , 52188.146404
1217 , veggy , 1 , 0 , 8.000000 , 52213.880590
1220 , veggy , 0 , 1 , 7.500000 , 52216.124507
1222 , meat , 0 , 1 , 9.500000 , 52290.551362
1221 , chicken , 1 , 1 , 11.500000 , 52295.231194
1221 , veggy , 1 , 1 , 10.500000 , 52295.231194
1223 , veggy , 1 , 1 , 10.500000 , 52381.746939
1223 , chicken , 0 , 1 , 8.500000 , 52381.746939
1223 , veggy , 1 , 1 , 10.500000 , 52381.746939
1224 , chicken , 1 , 1 , 11.500000 , 52441.865332
1224 , meat , 0 , 1 , 9.500000 , 52441.865332
1225 , veggy , 0 , 1 , 7.500000 , 52578.658333
1226 , chicken , 0 , 1 , 8.500000 , 52827.776593
1226 , veggy , 0 , 1 , 7.500000 , 52827.776593
1226 , veggy , 1 , 0 , 8.000000 , 52827.776593
1226 , chicken , 1 , 1 , 11.500000 , 52827.776593
1226 , veggy , 1 , 1 , 10.500000 , 52827.776593
1227 , meat , 1 , 1 , 12.500000 , 52903.945249
1227 , chicken , 1 , 0 , 9.000000 , 52903.945249
1227 , veggy , 1 , 1 , 10.500000 , 52903.945249
1227 , veggy , 1 , 1 , 10.500000 , 52903.945249
1228 , meat , 0 , 1 , 9.500000 , 52960.290200
1228 , meat , 1 , 1 , 12.500000 , 52960.290200
1229 , meat , 0 , 1 , 9.500000 , 53023.529107
1230 , chicken , 1 , 1 , 11.500000 , 53163.085968
1230 , chicken , 1 , 1 , 11.500000 , 53163.085968
1231 , meat , 1 , 1 , 12.500000 , 53216.668373
1231 , chicken , 1 , 1 , 11.500000 , 53216.668373
1232 , veggy , 1 , 1 , 10.500000 , 53255.055315
1232 , veggy , 1 , 1 , 10.500000 , 53255.055315
1232 , chicken , 0 , 1 , 8.500000 , 53255.055315
1232 , chicken , 0 , 1 , 8.500000 , 53255.055315
1233 , meat , 1 , 0 , 10.000000 , 53301.572457
1234 , chicken , 1 , 1 , 11.500000 , 53390.686411
1234 , chicken , 0 , 1 , 8.500000 , 53390.686411
1235 , chicken , 1 , 1 , 11.500000 , 53399.109743
1235 , veggy , 1 , 1 , 10.500000 , 53399.109743
1235 , meat , 1 , 1 , 12.500000 , 53399.109743
1235 , chicken , 1 , 1 , 11.500000 , 53399.109743
1236 , veggy , 0 , 1 , 7.500000 , 53499.677698
1236 , veggy , 1 , 1 , 10.500000 , 53499.677698
1236 , chicken , 1 , 1 , 11.500000 , 53499.677698
1237 , chicken , 0 , 1 , 8.500000 , 53569.178016
1238 , veggy , 1 , 1 , 10.500000 , 53720.435086
1238 , veggy , 1 , 1 , 10.500000 , 53720.435086
1238 , veggy , 1 , 1 , 10.500000 , 53720.435086
1238 , meat , 1 , 1 , 12.500000 , 53720.435086
1238 , meat , 1 , 1 , 12.500000 , 53720.435086
1239 , chicken , 1 , 1 , 11.500000 , 53739.690507
1239 , veggy , 1 , 1 , 10.500000 , 53739.690507
1239 , meat , 1 , 1 , 12.500000 , 53739.690507
1239 , chicken , 1 , 1 , 11.500000 , 53739.690507
1240 , chicken , 1 , 1 , 11.500000 , 53847.655317
1240 , meat , 1 , 1 , 12.500000 , 53847.655317
1240 , meat , 1 , 1 , 12.500000 , 53847.655317
1243 , veggy , 1 , 1 , 10.500000 , 53875.401233
1241 , meat , 1 , 1 , 12.500000 , 53901.324338
1242 , veggy , 0 , 1 , 7.500000 , 53947.403460
1244 , chicken , 1 , 1 , 11.500000 , 54194.816663
1244 , veggy , 0 , 1 , 7.500000 , 54194.816663
1245 , meat , 1 , 1 , 12.500000 , 54390.133094
1245 , veggy , 1 , 1 , 10.500000 , 54390.133094
1245 , veggy , 0 , 0 , 5.000000 , 54390.133094
1246 , chicken , 1 , 1 , 11.500000 , 54468.731195
1246 , veggy , 1 , 1 , 10.500000 , 54468.731195
1246 , meat , 1 , 1 , 12.500000 , 54468.731195
1247 , meat , 1 , 1 , 12.500000 , 54690.960275
1247 , chicken , 1 , 1 , 11.500000 , 54690.960275
1247 , meat , 0 , 1 , 9.500000 , 54690.960275
1247 , veggy , 1 , 1 , 10.500000 , 54690.960275
1247 , chicken , 0 , 1 , 8.500000 , 54690.960275
1248 , chicken , 1 , 0 , 9.000000 , 54737.382480
1249 , veggy , 1 , 1 , 10.500000 , 54787.000386
1249 , chicken , 1 , 1 , 11.500000 , 54787.000386
1250 , meat , 1 , 0 , 10.000000 , 54880.615309
1250 , meat , 1 , 1 , 12.500000 , 54880.615309
1250 , meat , 1 , 1 , 12.500000 , 54880.615309
1250 , meat , 1 , 1 , 12.500000 , 54880.615309
1252 , meat , 1 , 1 , 12.500000 , 54915.778366
1251 , meat , 1 , 1 , 12.500000 , 54955.721344
1251 , meat , 0 , 1 , 9.500000 , 54955.721344
1251 , meat , 1 , 1 , 12.500000 , 54955.721344
1253 , chicken , 0 , 1 , 8.500000 , 55300.476708
1254 , veggy , 1 , 1 , 10.500000 , 55581.900464
1254 , chicken , 1 , 1 , 11.500000 , 55581.900464
1255 , meat , 0 , 1 , 9.500000 , 56249.589263
1255 , meat , 1 , 1 , 12.500000 , 56249.589263
1255 , veggy , 1 , 1 , 10.500000 , 56249.589263
1255 , chicken , 0 , 1 , 8.500000 , 56249.589263
1255 , chicken , 1 , 1 , 11.500000 , 56249.589263
1256 , chicken , 1 , 0 , 9.000000 , 56487.023173
1256 , veggy , 0 , 1 , 7.500000 , 56487.023173
1256 , veggy , 0 , 1 , 7.500000 , 56487.023173
1257 , meat , 0 , 1 , 9.500000 , 56624.936253
1257 , veggy , 1 , 1 , 10.500000 , 56624.936253
1257 , meat , 1 , 1 , 12.500000 , 56624.936253
1258 , veggy , 1 , 1 , 10.500000 , 56695.931930
1258 , veggy , 1 , 1 , 10.500000 , 56695.931930
1258 , veggy , 1 , 1 , 10.500000 , 56695.931930
1258 , veggy , 1 , 1 , 10.500000 , 56695.931930
1258 , chicken , 0 , 1 , 8.500000 , 56695.931930
1260 , chicken , 1 , 1 , 11.500000 , 56840.012147
1260 , chicken , 1 , 1 , 11.500000 , 56840.012147
1260 , veggy , 1 , 1 , 10.500000 , 56840.012147
1259 , meat , 1 , 1 , 12.500000 , 56842.805803
1259 , chicken , 1 , 1 , 11.500000 , 56842.805803
1259 , meat , 0 , 1 , 9.500000 , 56842.805803
1261 , veggy , 1 , 1 , 10.500000 , 56877.920125
1262 , veggy , 1 , 1 , 10.500000 , 56999.848478
1262 , chicken , 0 , 1 , 8.500000 , 56999.848478
1263 , veggy , 1 , 1 , 10.500000 , 57329.159811
1263 , veggy , 1 , 1 , 10.500000 , 57329.159811
1263 , chicken , 0 , 1 , 8.500000 , 57329.159811
1263 , veggy , 0 , 0 , 5.000000 , 57329.159811
1263 , chicken , 1 , 1 , 11.500000 , 57329.159811
1264 , veggy , 0 , 1 , 7.500000 , 57543.101429
1264 , veggy , 0 , 1 , 7.500000 , 57543.101429
1264 , chicken , 1 , 0 , 9.000000 , 57543.101429
1264 , chicken , 1 , 1 , 11.500000 , 57543.101429
1264 , meat , 1 , 1 , 12.500000 , 57543.101429
1265 , chicken , 0 , 1 , 8.500000 , 57610.422631
1265 , chicken , 0 , 1 , 8.500000 , 57610.422631
1266 , chicken , 1 , 1 , 11.500000 , 57750.406371
1266 , meat , 1 , 1 , 12.500000 , 57750.406371
1266 , chicken , 1 , 1 , 11.500000 , 57750.406371
1267 , chicken , 1 , 1 , 11.500000 , 57835.471379
1267 , chicken , 0 , 1 , 8.500000 , 57835.471379
1267 , chicken , 0 , 1 , 8.500000 , 57835.471379
1267 , veggy , 1 , 0 , 8.000000 , 57835.471379
1267 , veggy , 1 , 1 , 10.500000 , 57835.471379
1268 , veggy , 0 , 1 , 7.500000 , 58012.658139
1268 , meat , 0 , 1 , 9.500000 , 58012.658139
1268 , chicken , 1 , 1 , 11.500000 , 58012.658139
1269 , meat , 1 , 1 , 12.500000 , 58262.154801
1270 , veggy , 0 , 1 , 7.500000 , 58443.506114
1270 , meat , 1 , 1 , 12.500000 , 58443.506114
1270 , chicken , 1 , 1 , 11.500000 , 58443.506114
1271 , veggy , 1 , 1 , 10.500000 , 58647.106401
1271 , veggy , 0 , 0 , 5.000000 , 58647.106401
1271 , chicken , 1 , 1 , 11.500000 , 58647.106401
1271 , meat , 1 , 1 , 12.500000 , 58647.106401
1272 , veggy , 1 , 1 , 10.500000 , 59088.738638
1272 , chicken , 1 , 0 , 9.000000 , 59088.738638
1273 , chicken , 0 , 1 , 8.500000 , 59310.681805
1273 , chicken , 0 , 1 , 8.500000 , 59310.681805
1273 , veggy , 0 , 1 , 7.500000 , 59310.681805
1273 , chicken , 1 , 1 , 11.500000 , 59310.681805
1274 , meat , 1 , 0 , 10.000000 , 59431.028840
1274 , meat , 1 , 1 , 12.500000 , 59431.028840
1274 , veggy , 1 , 1 , 10.500000 , 59431.028840
1275 , veggy , 0 , 1 , 7.500000 , 59460.711976
1276 , meat , 1 , 1 , 12.500000 , 59776.651465
1276 , meat , 0 , 0 , 7.000000 , 59776.651465
1276 , veggy , 1 , 1 , 10.500000 , 59776.651465
1276 , veggy , 1 , 1 , 10.500000 , 59776.651465
1278 , chicken , 1 , 1 , 11.500000 , 60012.934048
1277 , meat , 1 , 1 , 12.500000 , 60041.245801
1277 , meat , 1 , 1 , 12.500000 , 60041.245801
1279 , chicken , 1 , 1 , 11.500000 , 60254.902931
1279 , meat , 1 , 1 , 12.500000 , 60254.902931
1279 , meat , 1 , 1 , 12.500000 , 60254.902931
1279 , veggy , 1 , 1 , 10.500000 , 60254.902931
1280 , veggy , 0 , 1 , 7.500000 , 60553.796636
1282 , meat , 1 , 1 , 12.500000 , 60644.216947
1282 , chicken , 1 , 1 , 11.500000 , 60644.216947
1282 , chicken , 1 , 1 , 11.500000 , 60644.216947
1281 , veggy , 1 , 1 , 10.500000 , 60668.993391
1281 , veggy , 1 , 1 , 10.500000 , 60668.993391
1281 , chicken , 1 , 0 , 9.000000 , 60668.993391
1281 , veggy , 1 , 1 , 10.500000 , 60668.993391
1283 , veggy , 1 , 1 , 10.500000 , 61312.099263
1283 , meat , 1 , 0 , 10.000000 , 61312.099263
1283 , chicken , 1 , 1 , 11.500000 , 61312.099263
1283 , chicken , 1 , 1 , 11.500000 , 61312.099263
1283 , veggy , 1 , 1 , 10.500000 , 61312.099263
1284 , veggy , 1 , 0 , 8.000000 , 61498.737085
1284 , veggy , 1 , 1 , 10.500000 , 61498.737085
1284 , meat , 1 , 1 , 12.500000 , 61498.737085
1286 , meat , 0 , 0 , 7.000000 , 61953.590623
1286 , chicken , 1 , 1 , 11.500000 , 61953.590623
1285 , veggy , 0 , 1 , 7.500000 , 61996.308577
1285 , meat , 0 , 1 , 9.500000 , 61996.308577
1285 , chicken , 1 , 0 , 9.000000 , 61996.308577
1287 , veggy , 1 , 1 , 10.500000 , 62041.508671
1288 , veggy , 0 , 1 , 7.500000 , 62145.247576
1288 , veggy , 0 , 1 , 7.500000 , 62145.247576
1288 , veggy , 1 , 1 , 10.500000 , 62145.247576
1288 , chicken , 0 , 1 , 8.500000 , 62145.247576
1288 , veggy , 0 , 1 , 7.500000 , 62145.247576
1289 , chicken , 1 , 1 , 11.500000 , 62256.366774
1289 , chicken , 1 , 1 , 11.500000 , 62256.366774
1289 , meat , 1 , 1 , 12.500000 , 62256.366774
1290 , veggy , 0 , 1 , 7.500000 , 62396.510992
1290 , chicken , 1 , 1 , 11.500000 , 62396.510992
1292 , meat , 1 , 1 , 12.500000 , 62529.841835
1291 , veggy , 1 , 1 , 10.500000 , 62545.675461
1291 , meat , 1 , 1 , 12.500000 , 62545.675461
1291 , chicken , 0 , 1 , 8.500000 , 62545.675461
1293 , chicken , 1 , 1 , 11.500000 , 62711.431364
1293 , meat , 1 , 1 , 12.500000 , 62711.431364
1293 , chicken , 1 , 1 , 11.500000 , 62711.431364
1294 , veggy , 0 , 1 , 7.500000 , 62796.494054
1294 , veggy , 1 , 1 , 10.500000 , 62796.494054
1294 , meat , 0 , 1 , 9.500000 , 62796.494054
1296 , chicken , 1 , 1 , 11.500000 , 62858.923841
1296 , chicken , 1 , 1 , 11.500000 , 62858.923841
1295 , chicken , 1 , 1 , 11.500000 , 62921.449084
1295 , veggy , 1 , 1 , 10.500000 , 62921.449084
1295 , meat , 0 , 1 , 9.500000 , 62921.449084
1295 , chicken , 0 , 1 , 8.500000 , 62921.449084
1295 , meat , 1 , 1 , 12.500000 , 62921.449084
1298 , chicken , 0 , 1 , 8.500000 , 62984.374231
1298 , meat , 1 , 1 , 12.500000 , 62984.374231
1297 , chicken , 0 , 1 , 8.500000 , 63025.819055
1297 , meat , 0 , 1 , 9.500000 , 63025.819055
1297 , veggy , 0 , 1 , 7.500000 , 63025.819055
1297 , meat , 1 , 1 , 12.500000 , 63025.819055
1297 , chicken , 0 , 1 , 8.500000 , 63025.819055
1300 , chicken , 1 , 1 , 11.500000 , 63085.384874
1300 , chicken , 1 , 1 , 11.500000 , 63085.384874
1300 , meat , 1 , 1 , 12.500000 , 63085.384874
1300 , veggy , 1 , 1 , 10.500000 , 63085.384874
1300 , veggy , 1 , 1 , 10.500000 , 63085.384874
1301 , chicken , 1 , 1 , 11.500000 , 63135.575588
1301 , meat , 1 , 1 , 12.500000 , 63135.575588
1299 , meat , 1 , 1 , 12.500000 , 63165.558359
1299 , veggy , 1 , 1 , 10.500000 , 63165.558359
1299 , veggy , 1 , 1 , 10.500000 , 63165.558359
1299 , meat , 0 , 1 , 9.500000 , 63165.558359
1299 , chicken , 1 , 1 , 11.500000 , 63165.558359
1303 , chicken , 0 , 1 , 8.500000 , 63276.485146
1302 , chicken , 1 , 0 , 9.000000 , 63299.847945
1302 , veggy , 1 , 0 , 8.000000 , 63299.847945
1302 , chicken , 0 , 1 , 8.500000 , 63299.847945
1302 , veggy , 1 , 1 , 10.500000 , 63299.847945
1302 , meat , 1 , 1 , 12.500000 , 63299.847945
1304 , veggy , 1 , 1 , 10.500000 , 63349.609352
1304 , veggy , 0 , 1 , 7.500000 , 63349.609352
1305 , meat , 1 , 1 , 12.500000 , 63377.342826
1305 , meat , 1 , 1 , 12.500000 , 63377.342826
1307 , veggy , 0 , 1 , 7.500000 , 63439.893382
1306 , meat , 1 , 1 , 12.500000 , 63499.029553
1306 , meat , 1 , 1 , 12.500000 , 63499.029553
1306 , veggy , 1 , 1 , 10.500000 , 63499.029553
1306 , veggy , 1 , 1 , 10.500000 , 63499.029553
1308 , chicken , 1 , 1 , 11.500000 , 63705.986560
1309 , meat , 1 , 1 , 12.500000 , 63827.447443
1309 , meat , 1 , 1 , 12.500000 , 63827.447443
1310 , meat , 1 , 1 , 12.500000 , 63892.660277
1310 , meat , 1 , 1 , 12.500000 , 63892.660277
1310 , meat , 1 , 1 , 12.500000 , 63892.660277
1311 , chicken , 1 , 1 , 11.500000 , 63973.886217
1311 , meat , 0 , 1 , 9.500000 , 63973.886217
1311 , meat , 1 , 1 , 12.500000 , 63973.886217
1312 , chicken , 1 , 1 , 11.500000 , 64001.325955
1313 , veggy , 1 , 1 , 10.500000 , 64062.002836
1313 , chicken , 0 , 1 , 8.500000 , 64062.002836
1314 , meat , 1 , 1 , 12.500000 , 64222.493081
1314 , meat , 1 , 1 , 12.500000 , 64222.493081
1314 , chicken , 1 , 1 , 11.500000 , 64222.493081
1315 , veggy , 1 , 1 , 10.500000 , 64334.577470
1315 , chicken , 1 , 1 , 11.500000 , 64334.577470
1315 , meat , 1 , 0 , 10.000000 , 64334.577470
1316 , meat , 1 , 1 , 12.500000 , 64337.351176
1316 , meat , 1 , 1 , 12.500000 , 64337.351176
1316 , veggy , 1 , 1 , 10.500000 , 64337.351176
1316 , chicken , 1 , 0 , 9.000000 , 64337.351176
1316 , chicken , 1 , 1 , 11.500000 , 64337.351176
1317 , meat , 0 , 1 , 9.500000 , 64460.873604
1318 , meat , 1 , 1 , 12.500000 , 64596.260162
1318 , veggy , 1 , 1 , 10.500000 , 64596.260162
1318 , chicken , 1 , 1 , 11.500000 , 64596.260162
1318 , veggy , 1 , 1 , 10.500000 , 64596.260162
1318 , chicken , 0 , 1 , 8.500000 , 64596.260162
1319 , chicken , 0 , 1 , 8.500000 , 64812.003454
1319 , veggy , 1 , 1 , 10.500000 , 64812.003454
1319 , veggy , 1 , 1 , 10.500000 , 64812.003454
1319 , meat , 1 , 0 , 10.000000 , 64812.003454
1320 , meat , 1 , 1 , 12.500000 , 64876.483281
1320 , meat , 1 , 1 , 12.500000 , 64876.483281
1320 , meat , 1 , 1 , 12.500000 , 64876.483281
1320 , veggy , 1 , 1 , 10.500000 , 64876.483281
1320 , veggy , 1 , 1 , 10.500000 , 64876.483281
1321 , chicken , 1 , 1 , 11.500000 , 64907.638281
1321 , meat , 1 , 1 , 12.500000 , 64907.638281
1321 , veggy , 1 , 1 , 10.500000 , 64907.638281
1321 , veggy , 1 , 1 , 10.500000 , 64907.638281
1321 , veggy , 1 , 1 , 10.500000 , 64907.638281
1323 , veggy , 0 , 1 , 7.500000 , 64999.167604
1323 , chicken , 1 , 1 , 11.500000 , 64999.167604
1323 , meat , 1 , 1 , 12.500000 , 64999.167604
1323 , chicken , 1 , 1 , 11.500000 , 64999.167604
1322 , meat , 1 , 1 , 12.500000 , 65011.865461
1322 , veggy , 1 , 1 , 10.500000 , 65011.865461
1322 , chicken , 1 , 1 , 11.500000 , 65011.865461
1322 , chicken , 1 , 1 , 11.500000 , 65011.865461
1322 , veggy , 1 , 1 , 10.500000 , 65011.865461
1324 , chicken , 1 , 1 , 11.500000 , 65048.655195
1325 , meat , 1 , 1 , 12.500000 , 65062.085240
1325 , veggy , 1 , 1 , 10.500000 , 65062.085240
1326 , veggy , 1 , 1 , 10.500000 , 65138.920556
1326 , meat , 0 , 1 , 9.500000 , 65138.920556
1326 , chicken , 1 , 1 , 11.500000 , 65138.920556
1326 , veggy , 1 , 1 , 10.500000 , 65138.920556
1327 , meat , 1 , 1 , 12.500000 , 65232.824222
1327 , veggy , 1 , 1 , 10.500000 , 65232.824222
1327 , chicken , 0 , 1 , 8.500000 , 65232.824222
1327 , veggy , 0 , 0 , 5.000000 , 65232.824222
1327 , chicken , 1 , 1 , 11.500000 , 65232.824222
1328 , chicken , 1 , 1 , 11.500000 , 65277.751278
1334 , chicken , 1 , 1 , 11.500000 , 65289.566824
1329 , chicken , 1 , 1 , 11.500000 , 65325.793118
1330 , veggy , 1 , 0 , 8.000000 , 65352.756379
1330 , chicken , 1 , 1 , 11.500000 , 65352.756379
1330 , meat , 1 , 1 , 12.500000 , 65352.756379
1330 , chicken , 1 , 1 , 11.500000 , 65352.756379
1330 , veggy , 1 , 1 , 10.500000 , 65352.756379
1331 , meat , 0 , 0 , 7.000000 , 65443.145762
1331 , veggy , 1 , 0 , 8.000000 , 65443.145762
1331 , veggy , 1 , 1 , 10.500000 , 65443.145762
1331 , meat , 1 , 1 , 12.500000 , 65443.145762
1331 , veggy , 1 , 0 , 8.000000 , 65443.145762
1332 , meat , 1 , 1 , 12.500000 , 65494.840137
1332 , meat , 0 , 0 , 7.000000 , 65494.840137
1332 , meat , 1 , 1 , 12.500000 , 65494.840137
1332 , chicken , 1 , 1 , 11.500000 , 65494.840137
1332 , chicken , 0 , 1 , 8.500000 , 65494.840137
1337 , veggy , 0 , 1 , 7.500000 , 65538.739929
1337 , veggy , 1 , 0 , 8.000000 , 65538.739929
1337 , meat , 1 , 1 , 12.500000 , 65538.739929
1337 , chicken , 0 , 1 , 8.500000 , 65538.739929
1337 , chicken , 1 , 1 , 11.500000 , 65538.739929
1333 , meat , 1 , 1 , 12.500000 , 65546.882099
1333 , veggy , 1 , 1 , 10.500000 , 65546.882099
1333 , chicken , 0 , 1 , 8.500000 , 65546.882099
1333 , chicken , 1 , 1 , 11.500000 , 65546.882099
1333 , veggy , 1 , 1 , 10.500000 , 65546.882099
1335 , veggy , 1 , 1 , 10.500000 , 65593.852047
1336 , veggy , 1 , 1 , 10.500000 , 65605.413115
1336 , meat , 1 , 1 , 12.500000 , 65605.413115
1336 , chicken , 0 , 1 , 8.500000 , 65605.413115
1338 , meat , 1 , 1 , 12.500000 , 65633.192813
1339 , chicken , 1 , 1 , 11.500000 , 65639.242733
1340 , veggy , 1 , 1 , 10.500000 , 65916.149822
1340 , veggy , 1 , 1 , 10.500000 , 65916.149822
1340 , meat , 1 , 0 , 10.000000 , 65916.149822
1340 , meat , 1 , 1 , 12.500000 , 65916.149822
1340 , veggy , 0 , 1 , 7.500000 , 65916.149822
1341 , meat , 1 , 1 , 12.500000 , 65984.858681
1341 , veggy , 1 , 1 , 10.500000 , 65984.858681
1343 , meat , 1 , 1 , 12.500000 , 66124.343633
1342 , meat , 1 , 1 , 12.500000 , 66177.921924
1344 , veggy , 1 , 1 , 10.500000 , 66549.199067
1344 , chicken , 0 , 1 , 8.500000 , 66549.199067
1345 , chicken , 1 , 0 , 9.000000 , 66736.356985
1345 , meat , 1 , 1 , 12.500000 , 66736.356985
1345 , chicken , 1 , 1 , 11.500000 , 66736.356985
1345 , veggy , 0 , 1 , 7.500000 , 66736.356985
1346 , chicken , 1 , 1 , 11.500000 , 66915.239875
1346 , chicken , 1 , 0 , 9.000000 , 66915.239875
1346 , veggy , 0 , 1 , 7.500000 , 66915.239875
1347 , chicken , 1 , 1 , 11.500000 , 66970.044992
1347 , meat , 1 , 1 , 12.500000 , 66970.044992
1348 , veggy , 1 , 1 , 10.500000 , 67048.885014
1348 , veggy , 0 , 1 , 7.500000 , 67048.885014
1348 , chicken , 1 , 1 , 11.500000 , 67048.885014
1349 , veggy , 1 , 1 , 10.500000 , 67094.567732
1349 , meat , 1 , 1 , 12.500000 , 67094.567732
1349 , veggy , 0 , 1 , 7.500000 , 67094.567732
1350 , chicken , 1 , 1 , 11.500000 , 67122.676262
1351 , chicken , 1 , 1 , 11.500000 , 67361.983884
1351 , chicken , 1 , 1 , 11.500000 , 67361.983884
1352 , veggy , 1 , 1 , 10.500000 , 67464.055833
1353 , chicken , 1 , 1 , 11.500000 , 67572.709116
1353 , veggy , 0 , 0 , 5.000000 , 67572.709116
1353 , veggy , 1 , 1 , 10.500000 , 67572.709116
1356 , meat , 1 , 1 , 12.500000 , 67643.440038
1356 , meat , 1 , 1 , 12.500000 , 67643.440038
1356 , veggy , 1 , 1 , 10.500000 , 67643.440038
1356 , chicken , 1 , 1 , 11.500000 , 67643.440038
1354 , veggy , 1 , 1 , 10.500000 , 67674.319340
1354 , meat , 0 , 1 , 9.500000 , 67674.319340
1354 , chicken , 1 , 1 , 11.500000 , 67674.319340
1354 , veggy , 0 , 1 , 7.500000 , 67674.319340
1355 , meat , 0 , 1 , 9.500000 , 67749.777536
1355 , chicken , 0 , 0 , 6.000000 , 67749.777536
1358 , meat , 1 , 1 , 12.500000 , 67853.912186
1358 , meat , 1 , 1 , 12.500000 , 67853.912186
1358 , chicken , 1 , 1 , 11.500000 , 67853.912186
1358 , meat , 1 , 1 , 12.500000 , 67853.912186
1358 , chicken , 1 , 1 , 11.500000 , 67853.912186
1357 , chicken , 1 , 1 , 11.500000 , 67865.323509
1357 , veggy , 1 , 1 , 10.500000 , 67865.323509
1357 , meat , 1 , 1 , 12.500000 , 67865.323509
1357 , veggy , 1 , 1 , 10.500000 , 67865.323509
1357 , meat , 1 , 1 , 12.500000 , 67865.323509
1359 , chicken , 1 , 0 , 9.000000 , 67903.552656
1361 , veggy , 1 , 0 , 8.000000 , 67937.075787
1360 , meat , 1 , 1 , 12.500000 , 67998.097893
1360 , chicken , 1 , 1 , 11.500000 , 67998.097893
1360 , veggy , 1 , 1 , 10.500000 , 67998.097893
1360 , chicken , 0 , 1 , 8.500000 , 67998.097893
1362 , veggy , 1 , 1 , 10.500000 , 68024.346242
1362 , meat , 1 , 1 , 12.500000 , 68024.346242
1362 , veggy , 1 , 1 , 10.500000 , 68024.346242
1362 , veggy , 1 , 1 , 10.500000 , 68024.346242
1364 , meat , 1 , 1 , 12.500000 , 68083.351372
1363 , meat , 1 , 0 , 10.000000 , 68112.513824
1363 , chicken , 1 , 1 , 11.500000 , 68112.513824
1363 , chicken , 1 , 1 , 11.500000 , 68112.513824
1365 , meat , 0 , 1 , 9.500000 , 68328.750615
1365 , veggy , 1 , 1 , 10.500000 , 68328.750615
1365 , veggy , 1 , 1 , 10.500000 , 68328.750615
1365 , veggy , 1 , 0 , 8.000000 , 68328.750615
1366 , chicken , 0 , 1 , 8.500000 , 68408.658017
1366 , chicken , 1 , 1 , 11.500000 , 68408.658017
1367 , meat , 1 , 1 , 12.500000 , 68432.737402
1368 , chicken , 1 , 0 , 9.000000 , 68468.597570
1368 , meat , 1 , 1 , 12.500000 , 68468.597570
1368 , veggy , 1 , 1 , 10.500000 , 68468.597570
1369 , chicken , 1 , 1 , 11.500000 , 68545.509136
1369 , chicken , 1 , 1 , 11.500000 , 68545.509136
1369 , meat , 0 , 1 , 9.500000 , 68545.509136
1370 , chicken , 1 , 0 , 9.000000 , 68646.977248
1370 , meat , 1 , 1 , 12.500000 , 68646.977248
1370 , chicken , 1 , 1 , 11.500000 , 68646.977248
1371 , veggy , 1 , 1 , 10.500000 , 68654.662436
1371 , veggy , 0 , 1 , 7.500000 , 68654.662436
1371 , meat , 1 , 1 , 12.500000 , 68654.662436
1372 , meat , 1 , 1 , 12.500000 , 68830.026234
1372 , veggy , 1 , 1 , 10.500000 , 68830.026234
1372 , meat , 0 , 1 , 9.500000 , 68830.026234
1373 , chicken , 1 , 1 , 11.500000 , 68926.628599
1373 , chicken , 0 , 1 , 8.500000 , 68926.628599
1374 , chicken , 1 , 1 , 11.500000 , 69128.209179
1374 , meat , 0 , 1 , 9.500000 , 69128.209179
1374 , chicken , 1 , 1 , 11.500000 , 69128.209179
1374 , veggy , 1 , 1 , 10.500000 , 69128.209179
1375 , meat , 1 , 1 , 12.500000 , 69257.102120
1375 , chicken , 0 , 1 , 8.500000 , 69257.102120
1375 , veggy , 0 , 1 , 7.500000 , 69257.102120
1375 , chicken , 1 , 1 , 11.500000 , 69257.102120
1377 , veggy , 1 , 1 , 10.500000 , 69391.749020
1377 , meat , 1 , 1 , 12.500000 , 69391.749020
1377 , meat , 1 , 1 , 12.500000 , 69391.749020
1377 , chicken , 0 , 1 , 8.500000 , 69391.749020
1376 , meat , 0 , 1 , 9.500000 , 69393.743245
1376 , meat , 0 , 1 , 9.500000 , 69393.743245
1376 , meat , 1 , 1 , 12.500000 , 69393.743245
1376 , veggy , 0 , 1 , 7.500000 , 69393.743245
1376 , veggy , 1 , 1 , 10.500000 , 69393.743245
1378 , veggy , 1 , 0 , 8.000000 , 69464.177613
1378 , meat , 0 , 1 , 9.500000 , 69464.177613
1379 , meat , 0 , 1 , 9.500000 , 69557.814042
1379 , chicken , 1 , 1 , 11.500000 , 69557.814042
1379 , meat , 1 , 1 , 12.500000 , 69557.814042
1381 , veggy , 1 , 1 , 10.500000 , 69674.449527
1381 , veggy , 1 , 1 , 10.500000 , 69674.449527
1381 , veggy , 1 , 1 , 10.500000 , 69674.449527
1381 , veggy , 1 , 1 , 10.500000 , 69674.449527
1381 , meat , 0 , 1 , 9.500000 , 69674.449527
1380 , chicken , 1 , 1 , 11.500000 , 69688.440669
1380 , veggy , 0 , 1 , 7.500000 , 69688.440669
1380 , chicken , 0 , 1 , 8.500000 , 69688.440669
1380 , meat , 0 , 1 , 9.500000 , 69688.440669
1380 , veggy , 1 , 1 , 10.500000 , 69688.440669
1382 , veggy , 1 , 1 , 10.500000 , 69802.757219
1383 , chicken , 0 , 1 , 8.500000 , 69856.655912
1385 , chicken , 1 , 1 , 11.500000 , 69897.213266
1385 , veggy , 1 , 1 , 10.500000 , 69897.213266
1385 , meat , 0 , 1 , 9.500000 , 69897.213266
1384 , veggy , 1 , 1 , 10.500000 , 69941.140846
1384 , veggy , 1 , 1 , 10.500000 , 69941.140846
1384 , meat , 1 , 1 , 12.500000 , 69941.140846
1384 , meat , 0 , 1 , 9.500000 , 69941.140846
1386 , veggy , 0 , 1 , 7.500000 , 70078.921379
1386 , chicken , 1 , 1 , 11.500000 , 70078.921379
1386 , chicken , 1 , 1 , 11.500000 , 70078.921379
1386 , veggy , 1 , 1 , 10.500000 , 70078.921379
1387 , chicken , 0 , 1 , 8.500000 , 70088.869328
1387 , veggy , 0 , 1 , 7.500000 , 70088.869328
1387 , chicken , 1 , 1 , 11.500000 , 70088.869328
1387 , chicken , 0 , 1 , 8.500000 , 70088.869328
1390 , veggy , 1 , 1 , 10.500000 , 70111.582103
1390 , meat , 0 , 1 , 9.500000 , 70111.582103
1390 , meat , 1 , 1 , 12.500000 , 70111.582103
1389 , veggy , 1 , 1 , 10.500000 , 70124.118257
1388 , chicken , 1 , 0 , 9.000000 , 70131.782921
1392 , veggy , 1 , 1 , 10.500000 , 70145.610706
1391 , chicken , 1 , 1 , 11.500000 , 70206.438788
1391 , chicken , 0 , 1 , 8.500000 , 70206.438788
1391 , chicken , 1 , 0 , 9.000000 , 70206.438788
1394 , veggy , 1 , 1 , 10.500000 , 70256.077505
1394 , veggy , 1 , 1 , 10.500000 , 70256.077505
1394 , meat , 1 , 1 , 12.500000 , 70256.077505
1394 , veggy , 1 , 0 , 8.000000 , 70256.077505
1393 , meat , 0 , 1 , 9.500000 , 70292.620065
1393 , veggy , 1 , 1 , 10.500000 , 70292.620065
1393 , veggy , 1 , 1 , 10.500000 , 70292.620065
1393 , meat , 1 , 0 , 10.000000 , 70292.620065
1396 , chicken , 1 , 1 , 11.500000 , 70340.959585
1395 , chicken , 1 , 1 , 11.500000 , 70353.743766
1395 , veggy , 1 , 1 , 10.500000 , 70353.743766
1395 , meat , 1 , 1 , 12.500000 , 70353.743766
1397 , meat , 0 , 1 , 9.500000 , 70405.375317
1397 , meat , 0 , 1 , 9.500000 , 70405.375317
1398 , veggy , 1 , 1 , 10.500000 , 70448.659947
1398 , chicken , 1 , 1 , 11.500000 , 70448.659947
1398 , meat , 1 , 0 , 10.000000 , 70448.659947
1398 , veggy , 0 , 1 , 7.500000 , 70448.659947
1399 , veggy , 1 , 1 , 10.500000 , 70820.040765
1399 , chicken , 1 , 1 , 11.500000 , 70820.040765
1399 , meat , 1 , 1 , 12.500000 , 70820.040765
1399 , meat , 1 , 1 , 12.500000 , 70820.040765
1399 , chicken , 1 , 1 , 11.500000 , 70820.040765
1400 , chicken , 1 , 1 , 11.500000 , 70891.608725
1400 , veggy , 1 , 1 , 10.500000 , 70891.608725
1401 , veggy , 1 , 1 , 10.500000 , 70958.496166
1402 , chicken , 1 , 1 , 11.500000 , 71035.267362
1402 , meat , 1 , 0 , 10.000000 , 71035.267362
1402 , chicken , 1 , 1 , 11.500000 , 71035.267362
1405 , chicken , 0 , 1 , 8.500000 , 71092.707351
1405 , veggy , 1 , 1 , 10.500000 , 71092.707351
1405 , veggy , 1 , 1 , 10.500000 , 71092.707351
1405 , meat , 1 , 1 , 12.500000 , 71092.707351
1405 , veggy , 1 , 1 , 10.500000 , 71092.707351
1403 , chicken , 1 , 1 , 11.500000 , 71126.456115
1403 , meat , 1 , 1 , 12.500000 , 71126.456115
1403 , meat , 1 , 0 , 10.000000 , 71126.456115
1404 , chicken , 0 , 0 , 6.000000 , 71226.210020
1404 , veggy , 1 , 1 , 10.500000 , 71226.210020
1404 , meat , 1 , 1 , 12.500000 , 71226.210020
1404 , chicken , 1 , 1 , 11.500000 , 71226.210020
1404 , meat , 1 , 0 , 10.000000 , 71226.210020
1406 , meat , 1 , 0 , 10.000000 , 71229.293063
1406 , meat , 1 , 1 , 12.500000 , 71229.293063
1406 , meat , 1 , 1 , 12.500000 , 71229.293063
1407 , veggy , 0 , 0 , 5.000000 , 71257.652299
1410 , chicken , 1 , 1 , 11.500000 , 71387.505843
1410 , meat , 1 , 1 , 12.500000 , 71387.505843
1408 , meat , 1 , 1 , 12.500000 , 71395.368968
1408 , chicken , 1 , 1 , 11.500000 , 71395.368968
1408 , chicken , 1 , 1 , 11.500000 , 71395.368968
1408 , chicken , 1 , 0 , 9.000000 , 71395.368968
1408 , meat , 1 , 1 , 12.500000 , 71395.368968
1409 , chicken , 1 , 1 , 11.500000 , 71478.079832
1409 , meat , 1 , 0 , 10.000000 , 71478.079832
1409 , chicken , 1 , 0 , 9.000000 , 71478.079832
1411 , veggy , 0 , 1 , 7.500000 , 71635.608752
1412 , meat , 1 , 1 , 12.500000 , 71645.282317
1412 , chicken , 1 , 1 , 11.500000 , 71645.282317
1412 , chicken , 0 , 1 , 8.500000 , 71645.282317
1413 , veggy , 1 , 1 , 10.500000 , 71730.014468
1413 , veggy , 1 , 1 , 10.500000 , 71730.014468
1413 , veggy , 1 , 1 , 10.500000 , 71730.014468
1414 , chicken , 0 , 1 , 8.500000 , 71749.277494
1414 , meat , 1 , 1 , 12.500000 , 71749.277494
1414 , veggy , 1 , 1 , 10.500000 , 71749.277494
1415 , meat , 1 , 1 , 12.500000 , 71838.085721
1415 , meat , 1 , 1 , 12.500000 , 71838.085721
1415 , chicken , 1 , 1 , 11.500000 , 71838.085721
1415 , veggy , 1 , 1 , 10.500000 , 71838.085721
1416 , chicken , 0 , 1 , 8.500000 , 71867.339067
1416 , veggy , 0 , 1 , 7.500000 , 71867.339067
1416 , veggy , 0 , 1 , 7.500000 , 71867.339067
1416 , chicken , 1 , 1 , 11.500000 , 71867.339067
1417 , meat , 1 , 1 , 12.500000 , 71908.123347
1417 , meat , 1 , 1 , 12.500000 , 71908.123347
1417 , chicken , 1 , 1 , 11.500000 , 71908.123347
1418 , meat , 1 , 1 , 12.500000 , 72001.409238
1418 , veggy , 0 , 0 , 5.000000 , 72001.409238
1419 , chicken , 1 , 1 , 11.500000 , 72095.859599
1419 , veggy , 1 , 1 , 10.500000 , 72095.859599
1419 , veggy , 0 , 1 , 7.500000 , 72095.859599
1420 , meat , 1 , 1 , 12.500000 , 72130.497830
1420 , meat , 1 , 1 , 12.500000 , 72130.497830
1420 , veggy , 1 , 1 , 10.500000 , 72130.497830
1420 , chicken , 0 , 1 , 8.500000 , 72130.497830
1421 , meat , 1 , 1 , 12.500000 , 72198.767353
1421 , veggy , 1 , 1 , 10.500000 , 72198.767353
1423 , chicken , 1 , 1 , 11.500000 , 72271.324902
1423 , meat , 1 , 1 , 12.500000 , 72271.324902
1423 , chicken , 1 , 1 , 11.500000 , 72271.324902
1423 , meat , 1 , 1 , 12.500000 , 72271.324902
1422 , meat , 1 , 1 , 12.500000 , 72310.559736
1422 , veggy , 1 , 1 , 10.500000 , 72310.559736
1422 , meat , 1 , 1 , 12.500000 , 72310.559736
1422 , meat , 0 , 1 , 9.500000 , 72310.559736
1422 , veggy , 1 , 1 , 10.500000 , 72310.559736
1424 , meat , 1 , 1 , 12.500000 , 72371.096030
1424 , chicken , 1 , 1 , 11.500000 , 72371.096030
1426 , chicken , 1 , 1 , 11.500000 , 72460.264327
1426 , veggy , 0 , 0 , 5.000000 , 72460.264327
1426 , meat , 1 , 1 , 12.500000 , 72460.264327
1425 , chicken , 1 , 1 , 11.500000 , 72486.667671
1425 , veggy , 1 , 0 , 8.000000 , 72486.667671
1425 , chicken , 1 , 1 , 11.500000 , 72486.667671
1425 , chicken , 1 , 1 , 11.500000 , 72486.667671
1425 , veggy , 1 , 1 , 10.500000 , 72486.667671
1429 , veggy , 0 , 1 , 7.500000 , 72552.630916
1429 , chicken , 1 , 1 , 11.500000 , 72552.630916
1427 , veggy , 1 , 1 , 10.500000 , 72574.413416
1427 , veggy , 0 , 1 , 7.500000 , 72574.413416
1427 , chicken , 1 , 1 , 11.500000 , 72574.413416
1431 , veggy , 0 , 1 , 7.500000 , 72648.408254
1431 , chicken , 1 , 1 , 11.500000 , 72648.408254
1431 , chicken , 1 , 1 , 11.500000 , 72648.408254
1428 , chicken , 0 , 1 , 8.500000 , 72667.092017
1428 , veggy , 1 , 1 , 10.500000 , 72667.092017
1428 , veggy , 0 , 1 , 7.500000 , 72667.092017
1428 , veggy , 1 , 1 , 10.500000 , 72667.092017
1430 , meat , 0 , 0 , 7.000000 , 72740.653604
1430 , meat , 1 , 1 , 12.500000 , 72740.653604
1430 , chicken , 0 , 1 , 8.500000 , 72740.653604
1432 , veggy , 1 , 1 , 10.500000 , 72751.978883
1432 , chicken , 1 , 1 , 11.500000 , 72751.978883
1433 , veggy , 1 , 1 , 10.500000 , 72929.068230
1434 , veggy , 0 , 1 , 7.500000 , 72985.730481
1434 , meat , 1 , 1 , 12.500000 , 72985.730481
1435 , chicken , 1 , 1 , 11.500000 , 73058.928110
1435 , chicken , 1 , 1 , 11.500000 , 73058.928110
1435 , meat , 1 , 1 , 12.500000 , 73058.928110
1436 , veggy , 1 , 1 , 10.500000 , 73206.684063
1436 , meat , 1 , 1 , 12.500000 , 73206.684063
1436 , chicken , 1 , 1 , 11.500000 , 73206.684063
1436 , meat , 0 , 1 , 9.500000 , 73206.684063
1436 , veggy , 1 , 1 , 10.500000 , 73206.684063
1438 , meat , 1 , 0 , 10.000000 , 73276.148302
1437 , chicken , 1 , 0 , 9.000000 , 73312.594006
1437 , meat , 1 , 1 , 12.500000 , 73312.594006
1437 , veggy , 1 , 1 , 10.500000 , 73312.594006
1437 , chicken , 1 , 1 , 11.500000 , 73312.594006
1439 , chicken , 1 , 1 , 11.500000 , 73365.530163
1439 , chicken , 1 , 1 , 11.500000 , 73365.530163
1440 , veggy , 1 , 0 , 8.000000 , 73391.088109
1440 , veggy , 1 , 1 , 10.500000 , 73391.088109
1440 , chicken , 1 , 1 , 11.500000 , 73391.088109
1440 , meat , 1 , 0 , 10.000000 , 73391.088109
1441 , chicken , 1 , 1 , 11.500000 , 73447.308866
1442 , veggy , 1 , 1 , 10.500000 , 73485.106870
1443 , veggy , 1 , 1 , 10.500000 , 73541.428992
1443 , chicken , 1 , 1 , 11.500000 , 73541.428992
1443 , meat , 1 , 1 , 12.500000 , 73541.428992
1444 , chicken , 1 , 1 , 11.500000 , 73600.328986
1444 , chicken , 1 , 1 , 11.500000 , 73600.328986
1444 , meat , 1 , 1 , 12.500000 , 73600.328986
1444 , meat , 0 , 1 , 9.500000 , 73600.328986
1446 , veggy , 1 , 1 , 10.500000 , 73619.429543
1446 , veggy , 1 , 1 , 10.500000 , 73619.429543
1445 , veggy , 1 , 1 , 10.500000 , 73677.057968
1445 , meat , 1 , 0 , 10.000000 , 73677.057968
1447 , chicken , 0 , 1 , 8.500000 , 73685.551789
1447 , meat , 1 , 1 , 12.500000 , 73685.551789
1447 , meat , 1 , 1 , 12.500000 , 73685.551789
1447 , veggy , 1 , 1 , 10.500000 , 73685.551789
1448 , meat , 1 , 1 , 12.500000 , 73746.549997
1448 , veggy , 1 , 1 , 10.500000 , 73746.549997
1449 , veggy , 0 , 1 , 7.500000 , 73833.287795
1449 , meat , 1 , 1 , 12.500000 , 73833.287795
1449 , veggy , 1 , 1 , 10.500000 , 73833.287795
1449 , chicken , 1 , 1 , 11.500000 , 73833.287795
1451 , chicken , 1 , 1 , 11.500000 , 73889.180412
1450 , meat , 0 , 1 , 9.500000 , 73927.561124
1450 , chicken , 0 , 1 , 8.500000 , 73927.561124
1452 , meat , 1 , 1 , 12.500000 , 73994.577061
1452 , chicken , 0 , 1 , 8.500000 , 73994.577061
1452 , veggy , 1 , 1 , 10.500000 , 73994.577061
1454 , chicken , 1 , 1 , 11.500000 , 74094.405021
1454 , chicken , 0 , 1 , 8.500000 , 74094.405021
1453 , veggy , 0 , 1 , 7.500000 , 74112.299612
1453 , meat , 1 , 1 , 12.500000 , 74112.299612
1453 , veggy , 1 , 1 , 10.500000 , 74112.299612
1453 , meat , 1 , 1 , 12.500000 , 74112.299612
1453 , chicken , 1 , 1 , 11.500000 , 74112.299612
1455 , chicken , 1 , 1 , 11.500000 , 74147.258692
1455 , veggy , 0 , 1 , 7.500000 , 74147.258692
1457 , chicken , 1 , 1 , 11.500000 , 74230.900145
1457 , veggy , 1 , 1 , 10.500000 , 74230.900145
1456 , veggy , 1 , 1 , 10.500000 , 74231.283488
1456 , meat , 1 , 0 , 10.000000 , 74231.283488
1456 , chicken , 0 , 1 , 8.500000 , 74231.283488
1456 , chicken , 1 , 1 , 11.500000 , 74231.283488
1456 , chicken , 1 , 1 , 11.500000 , 74231.283488
1459 , chicken , 1 , 1 , 11.500000 , 74328.700069
1459 , chicken , 1 , 0 , 9.000000 , 74328.700069
1459 , veggy , 0 , 1 , 7.500000 , 74328.700069
1459 , chicken , 1 , 1 , 11.500000 , 74328.700069
1458 , meat , 1 , 1 , 12.500000 , 74365.449886
1458 , chicken , 0 , 1 , 8.500000 , 74365.449886
1458 , veggy , 1 , 1 , 10.500000 , 74365.449886
1458 , chicken , 1 , 1 , 11.500000 , 74365.449886
1458 , meat , 1 , 1 , 12.500000 , 74365.449886
1460 , veggy , 1 , 0 , 8.000000 , 74528.414503
1461 , chicken , 1 , 1 , 11.500000 , 74628.902209
1461 , veggy , 1 , 1 , 10.500000 , 74628.902209
1461 , veggy , 0 , 1 , 7.500000 , 74628.902209
1461 , veggy , 1 , 1 , 10.500000 , 74628.902209
1461 , meat , 0 , 1 , 9.500000 , 74628.902209
1462 , veggy , 1 , 1 , 10.500000 , 74651.479087
1462 , chicken , 1 , 1 , 11.500000 , 74651.479087
1462 , meat , 1 , 1 , 12.500000 , 74651.479087
1462 , veggy , 1 , 1 , 10.500000 , 74651.479087
1462 , chicken , 1 , 1 , 11.500000 , 74651.479087
1463 , chicken , 1 , 1 , 11.500000 , 74821.078128
1463 , meat , 1 , 1 , 12.500000 , 74821.078128
1463 , chicken , 1 , 1 , 11.500000 , 74821.078128
1463 , meat , 1 , 1 , 12.500000 , 74821.078128
1463 , chicken , 1 , 1 , 11.500000 , 74821.078128
1464 , meat , 1 , 1 , 12.500000 , 74867.919956
1465 , chicken , 1 , 1 , 11.500000 , 74972.793478
1465 , meat , 1 , 0 , 10.000000 , 74972.793478
1466 , veggy , 1 , 1 , 10.500000 , 75139.038820
1466 , meat , 1 , 1 , 12.500000 , 75139.038820
1466 , meat , 1 , 1 , 12.500000 , 75139.038820
1466 , veggy , 1 , 1 , 10.500000 , 75139.038820
1468 , meat , 1 , 1 , 12.500000 , 75215.817290
1468 , chicken , 1 , 1 , 11.500000 , 75215.817290
1468 , chicken , 1 , 1 , 11.500000 , 75215.817290
1468 , chicken , 0 , 1 , 8.500000 , 75215.817290
1467 , chicken , 1 , 1 , 11.500000 , 75218.048216
1467 , meat , 1 , 1 , 12.500000 , 75218.048216
1467 , meat , 1 , 1 , 12.500000 , 75218.048216
1469 , chicken , 0 , 1 , 8.500000 , 75385.017903
1469 , veggy , 1 , 1 , 10.500000 , 75385.017903
1469 , veggy , 0 , 1 , 7.500000 , 75385.017903
1469 , chicken , 1 , 1 , 11.500000 , 75385.017903
1469 , veggy , 0 , 0 , 5.000000 , 75385.017903
1470 , veggy , 1 , 1 , 10.500000 , 75487.621941
1470 , veggy , 1 , 0 , 8.000000 , 75487.621941
1470 , meat , 1 , 1 , 12.500000 , 75487.621941
1471 , veggy , 0 , 1 , 7.500000 , 75544.704344
1471 , meat , 1 , 1 , 12.500000 , 75544.704344
1472 , chicken , 0 , 1 , 8.500000 , 75820.818379
1473 , veggy , 1 , 1 , 10.500000 , 75912.940233
1473 , meat , 1 , 1 , 12.500000 , 75912.940233
1473 , meat , 1 , 1 , 12.500000 , 75912.940233
1475 , chicken , 1 , 1 , 11.500000 , 75974.800849
1475 , chicken , 0 , 1 , 8.500000 , 75974.800849
1474 , meat , 1 , 1 , 12.500000 , 75977.456289
1474 , chicken , 1 , 1 , 11.500000 , 75977.456289
1476 , veggy , 1 , 1 , 10.500000 , 76217.056359
1476 , chicken , 1 , 1 , 11.500000 , 76217.056359
1476 , chicken , 1 , 1 , 11.500000 , 76217.056359
1477 , meat , 1 , 1 , 12.500000 , 76433.989427
1477 , meat , 1 , 1 , 12.500000 , 76433.989427
1477 , meat , 1 , 1 , 12.500000 , 76433.989427
1478 , chicken , 0 , 1 , 8.500000 , 76548.881984
1478 , meat , 1 , 1 , 12.500000 , 76548.881984
1478 , meat , 1 , 1 , 12.500000 , 76548.881984
1478 , chicken , 1 , 1 , 11.500000 , 76548.881984
1479 , veggy , 1 , 1 , 10.500000 , 76732.058580
1479 , chicken , 1 , 1 , 11.500000 , 76732.058580
1479 , meat , 1 , 1 , 12.500000 , 76732.058580
1479 , chicken , 0 , 1 , 8.500000 , 76732.058580
1479 , chicken , 1 , 1 , 11.500000 , 76732.058580
1480 , chicken , 1 , 0 , 9.000000 , 76762.586360
1480 , veggy , 0 , 1 , 7.500000 , 76762.586360
1480 , meat , 1 , 1 , 12.500000 , 76762.586360
1480 , meat , 1 , 1 , 12.500000 , 76762.586360
1480 , veggy , 1 , 0 , 8.000000 , 76762.586360
1482 , veggy , 1 , 1 , 10.500000 , 76796.956952
1482 , veggy , 1 , 1 , 10.500000 , 76796.956952
1481 , veggy , 0 , 1 , 7.500000 , 76872.128291
1481 , veggy , 1 , 1 , 10.500000 , 76872.128291
1481 , meat , 0 , 1 , 9.500000 , 76872.128291
1481 , chicken , 1 , 1 , 11.500000 , 76872.128291
1481 , chicken , 0 , 1 , 8.500000 , 76872.128291
1483 , veggy , 1 , 1 , 10.500000 , 76965.161443
1483 , veggy , 1 , 1 , 10.500000 , 76965.161443
1483 , veggy , 1 , 1 , 10.500000 , 76965.161443
1483 , chicken , 1 , 1 , 11.500000 , 76965.161443
1484 , meat , 1 , 1 , 12.500000 , 77229.043969
1484 , meat , 1 , 1 , 12.500000 , 77229.043969
1484 , veggy , 1 , 1 , 10.500000 , 77229.043969
1485 , chicken , 1 , 1 , 11.500000 , 77258.703381
1486 , veggy , 1 , 1 , 10.500000 , 77431.133139
1486 , veggy , 1 , 1 , 10.500000 , 77431.133139
1486 , chicken , 1 , 0 , 9.000000 , 77431.133139
1486 , chicken , 1 , 1 , 11.500000 , 77431.133139
1487 , veggy , 1 , 1 , 10.500000 , 77779.953332
1487 , chicken , 1 , 0 , 9.000000 , 77779.953332
1487 , meat , 1 , 1 , 12.500000 , 77779.953332
1487 , veggy , 0 , 1 , 7.500000 , 77779.953332
1488 , veggy , 1 , 1 , 10.500000 , 77812.945205
1488 , veggy , 1 , 1 , 10.500000 , 77812.945205
1489 , chicken , 1 , 1 , 11.500000 , 77981.176413
1489 , chicken , 1 , 1 , 11.500000 , 77981.176413
1489 , meat , 1 , 1 , 12.500000 , 77981.176413
1490 , meat , 1 , 1 , 12.500000 , 78026.509149
1491 , meat , 1 , 1 , 12.500000 , 78093.293193
1491 , veggy , 1 , 1 , 10.500000 , 78093.293193
1491 , meat , 0 , 1 , 9.500000 , 78093.293193
1492 , meat , 1 , 0 , 10.000000 , 78124.387110
1493 , veggy , 1 , 1 , 10.500000 , 78215.418377
1493 , meat , 1 , 1 , 12.500000 , 78215.418377
1493 , meat , 1 , 0 , 10.000000 , 78215.418377
1493 , meat , 1 , 1 , 12.500000 , 78215.418377
1495 , chicken , 0 , 1 , 8.500000 , 78230.535747
1495 , chicken , 1 , 1 , 11.500000 , 78230.535747
1495 , chicken , 1 , 1 , 11.500000 , 78230.535747
1495 , chicken , 1 , 1 , 11.500000 , 78230.535747
1494 , veggy , 1 , 0 , 8.000000 , 78300.931202
1494 , veggy , 1 , 0 , 8.000000 , 78300.931202
1494 , veggy , 1 , 0 , 8.000000 , 78300.931202
1494 , veggy , 1 , 1 , 10.500000 , 78300.931202
1496 , meat , 1 , 1 , 12.500000 , 78336.895377
1497 , veggy , 0 , 1 , 7.500000 , 78438.902995
1497 , meat , 0 , 1 , 9.500000 , 78438.902995
1497 , chicken , 0 , 1 , 8.500000 , 78438.902995
1497 , meat , 1 , 1 , 12.500000 , 78438.902995
1497 , chicken , 1 , 1 , 11.500000 , 78438.902995
1498 , meat , 1 , 1 , 12.500000 , 78507.305148
1498 , veggy , 0 , 1 , 7.500000 , 78507.305148
1499 , veggy , 1 , 1 , 10.500000 , 78810.838944
1499 , meat , 1 , 0 , 10.000000 , 78810.838944
1499 , chicken , 1 , 1 , 11.500000 , 78810.838944
1499 , veggy , 1 , 1 , 10.500000 , 78810.838944
1499 , veggy , 1 , 1 , 10.500000 , 78810.838944
1500 , veggy , 1 , 1 , 10.500000 , 78971.662452
1500 , chicken , 1 , 1 , 11.500000 , 78971.662452
1500 , veggy , 1 , 0 , 8.000000 , 78971.662452
1500 , veggy , 1 , 0 , 8.000000 , 78971.662452
1500 , chicken , 1 , 1 , 11.500000 , 78971.662452
1501 , chicken , 1 , 0 , 9.000000 , 79021.923347
1501 , veggy , 1 , 1 , 10.500000 , 79021.923347
1501 , meat , 1 , 1 , 12.500000 , 79021.923347
1501 , chicken , 1 , 1 , 11.500000 , 79021.923347
1502 , veggy , 1 , 1 , 10.500000 , 79554.264417
1502 , veggy , 1 , 1 , 10.500000 , 79554.264417
1502 , meat , 1 , 1 , 12.500000 , 79554.264417
1502 , meat , 0 , 1 , 9.500000 , 79554.264417
1503 , meat , 0 , 1 , 9.500000 , 79909.013492
1503 , meat , 1 , 1 , 12.500000 , 79909.013492
1504 , chicken , 0 , 1 , 8.500000 , 80166.652046
1504 , veggy , 1 , 1 , 10.500000 , 80166.652046
1504 , veggy , 1 , 1 , 10.500000 , 80166.652046
1505 , meat , 1 , 1 , 12.500000 , 80188.530509
1506 , chicken , 1 , 1 , 11.500000 , 80347.268936
1506 , chicken , 1 , 1 , 11.500000 , 80347.268936
1506 , chicken , 0 , 1 , 8.500000 , 80347.268936
1507 , chicken , 0 , 1 , 8.500000 , 80686.730405
1508 , meat , 0 , 1 , 9.500000 , 80836.132543
1509 , veggy , 1 , 1 , 10.500000 , 81789.009313
1509 , meat , 0 , 1 , 9.500000 , 81789.009313
1509 , veggy , 1 , 1 , 10.500000 , 81789.009313
1509 , chicken , 1 , 1 , 11.500000 , 81789.009313
1510 , veggy , 1 , 1 , 10.500000 , 81888.161329
1510 , chicken , 1 , 1 , 11.500000 , 81888.161329
1510 , chicken , 0 , 1 , 8.500000 , 81888.161329
1510 , chicken , 0 , 1 , 8.500000 , 81888.161329
1510 , chicken , 1 , 1 , 11.500000 , 81888.161329
1511 , meat , 0 , 1 , 9.500000 , 82042.985863
1511 , meat , 1 , 1 , 12.500000 , 82042.985863
1512 , chicken , 1 , 1 , 11.500000 , 82152.822095
1512 , veggy , 1 , 1 , 10.500000 , 82152.822095
1512 , chicken , 1 , 1 , 11.500000 , 82152.822095
1512 , veggy , 1 , 1 , 10.500000 , 82152.822095
1512 , chicken , 1 , 1 , 11.500000 , 82152.822095
1513 , veggy , 0 , 1 , 7.500000 , 82287.262231
1515 , chicken , 1 , 1 , 11.500000 , 82442.914748
1514 , meat , 1 , 1 , 12.500000 , 82472.985711
1514 , chicken , 0 , 1 , 8.500000 , 82472.985711
1514 , meat , 1 , 0 , 10.000000 , 82472.985711
1514 , chicken , 1 , 1 , 11.500000 , 82472.985711
1516 , meat , 1 , 1 , 12.500000 , 82870.340126
1516 , meat , 0 , 0 , 7.000000 , 82870.340126
1516 , meat , 1 , 1 , 12.500000 , 82870.340126
1516 , meat , 0 , 1 , 9.500000 , 82870.340126
1516 , chicken , 1 , 1 , 11.500000 , 82870.340126
1517 , veggy , 0 , 1 , 7.500000 , 82990.881131
1517 , veggy , 1 , 1 , 10.500000 , 82990.881131
1517 , veggy , 1 , 1 , 10.500000 , 82990.881131
1517 , veggy , 1 , 1 , 10.500000 , 82990.881131
1517 , veggy , 0 , 1 , 7.500000 , 82990.881131
1518 , chicken , 1 , 0 , 9.000000 , 83215.543624
1518 , chicken , 1 , 1 , 11.500000 , 83215.543624
1518 , chicken , 1 , 0 , 9.000000 , 83215.543624
1519 , chicken , 1 , 1 , 11.500000 , 83316.883781
1519 , meat , 0 , 1 , 9.500000 , 83316.883781
1520 , chicken , 1 , 1 , 11.500000 , 83495.868128
1520 , meat , 1 , 1 , 12.500000 , 83495.868128
1521 , chicken , 1 , 1 , 11.500000 , 83600.159894
1521 , meat , 1 , 0 , 10.000000 , 83600.159894
1521 , meat , 1 , 1 , 12.500000 , 83600.159894
1521 , meat , 1 , 1 , 12.500000 , 83600.159894
1522 , meat , 1 , 1 , 12.500000 , 83742.853346
1522 , meat , 1 , 1 , 12.500000 , 83742.853346
1523 , meat , 0 , 1 , 9.500000 , 83952.940488
1523 , chicken , 0 , 1 , 8.500000 , 83952.940488
1523 , veggy , 0 , 1 , 7.500000 , 83952.940488
1524 , veggy , 1 , 1 , 10.500000 , 84317.314659
1524 , veggy , 1 , 1 , 10.500000 , 84317.314659
1524 , meat , 1 , 1 , 12.500000 , 84317.314659
1525 , veggy , 1 , 1 , 10.500000 , 84856.335894
1525 , meat , 1 , 1 , 12.500000 , 84856.335894
1527 , meat , 0 , 1 , 9.500000 , 85115.259091
1526 , chicken , 1 , 1 , 11.500000 , 85149.587687
1526 , chicken , 1 , 1 , 11.500000 , 85149.587687
1526 , veggy , 0 , 1 , 7.500000 , 85149.587687
1526 , chicken , 0 , 1 , 8.500000 , 85149.587687
1528 , veggy , 1 , 1 , 10.500000 , 86050.216763
1528 , chicken , 1 , 1 , 11.500000 , 86050.216763
1528 , chicken , 1 , 1 , 11.500000 , 86050.216763
1528 , chicken , 1 , 1 , 11.500000 , 86050.216763
1528 , chicken , 1 , 1 , 11.500000 , 86050.216763
1529 , chicken , 1 , 1 , 11.500000 , 86130.124363
1529 , meat , 1 , 0 , 10.000000 , 86130.124363
1529 , chicken , 1 , 1 , 11.500000 , 86130.124363
